agent_id agent_interest location_of_home available_balance monthly_income education_level family_size
0 F 0 622.0 2674.0 2 3
1 E 0 264.0 3370.0 1 3
2 I 0 1996.0 11698.0 2 3
3 D 0 836.0 1840.0 2 3
4 G 0 3603.0 18340.0 4 3
5 C 0 2005.0 11636.0 2 3
6 G 0 929.0 6130.0 3 3
7 C 0 1259.0 3346.0 2 3
8 A 0 3147.0 16926.0 4 3
9 C 3 2015.0 10407.0 2 3
10 C 0 1177.0 1760.0 2 3
11 H 0 2330.0 4462.0 4 3
12 G 0 1273.0 8764.0 2 3
13 I 0 1616.0 8652.0 2 3
14 A 0 2994.0 12405.0 3 3
15 I 0 1528.0 3779.0 3 3
16 J 0 1540.0 7518.0 2 3
17 C 3 1797.0 9724.0 2 3
18 E 0 1621.0 7092.0 2 3
19 C 0 1331.0 6905.0 2 3
20 I 3 1855.0 9657.0 2 3
21 I 1 4111.0 18400.0 4 3
22 D 0 2708.0 11824.0 3 3
23 I 1 1544.0 8786.0 2 3
24 C 0 1724.0 6755.0 2 3
25 A 0 1222.0 3313.0 3 3
26 F 3 2140.0 1871.0 3 3
27 J 4 1606.0 7421.0 1 3
28 E 0 1592.0 6376.0 2 3
29 H 0 1512.0 6184.0 2 3
30 D 0 1143.0 5818.0 2 3
31 F 0 1172.0 6150.0 1 3
32 E 0 2619.0 11123.0 3 3
33 H 0 989.0 5536.0 2 3
34 H 0 1515.0 2179.0 3 3
35 H 0 1247.0 1840.0 2 3
36 D 2 874.0 1840.0 2 3
37 E 1 3754.0 18400.0 4 3
38 F 2 3301.0 18400.0 3 3
39 E 0 1285.0 5965.0 2 3
40 D 3 3660.0 18400.0 4 3
41 J 3 1972.0 8426.0 2 3
42 B 0 858.0 1840.0 2 3
43 F 0 403.0 3069.0 3 3
44 J 0 4135.0 16479.0 4 3
45 E 2 1393.0 7940.0 2 3
46 J 2 1460.0 7919.0 2 3
47 G 0 1712.0 5823.0 2 3
48 B 2 1722.0 7338.0 2 3
49 E 4 670.0 4048.0 3 3
50 H 1 3061.0 18400.0 3 3
51 B 0 1943.0 2168.0 4 3
52 D 0 2641.0 7356.0 4 3
53 I 0 984.0 1840.0 2 3
54 E 1 1800.0 7087.0 2 3
55 E 5 1737.0 7081.0 2 3
56 G 0 1036.0 5267.0 2 3
57 J 0 1417.0 5347.0 1 3
58 J 5 3453.0 18400.0 3 3
59 J 0 1393.0 5432.0 2 3
60 J 5 1495.0 6763.0 2 3
61 B 0 1414.0 4921.0 2 3
62 E 0 1577.0 4752.0 4 3
63 J 0 1006.0 5613.0 3 3
64 D 0 308.0 2868.0 2 3
65 H 0 820.0 1840.0 2 3
66 I 0 476.0 2396.0 2 3
67 D 2 1425.0 7070.0 2 3
68 I 1 3194.0 18400.0 4 3
69 F 0 1435.0 5371.0 2 3
70 D 1 3567.0 18400.0 4 3
71 A 1 1601.0 7058.0 2 3
72 A 1 1732.0 6947.0 2 3
73 A 1 1640.0 6936.0 2 3
74 D 1 1766.0 6843.0 2 3
75 G 1 1187.0 6523.0 2 3
76 C 4 1741.0 6818.0 2 3
77 B 0 1558.0 5368.0 2 3
78 B 0 1109.0 1840.0 2 3
79 D 0 455.0 4378.0 2 3
80 I 0 1369.0 4237.0 1 3
81 B 1 1522.0 5650.0 1 3
82 J 1 113.0 2060.0 2 3
83 C 4 2881.0 16598.0 3 3
84 E 0 788.0 1840.0 1 3
85 J 4 3147.0 16098.0 3 3
86 D 0 1666.0 5293.0 2 3
87 E 0 658.0 2522.0 1 3
88 I 4 1700.0 6706.0 2 3
89 C 4 1634.0 6675.0 2 3
90 H 0 1295.0 1760.0 2 3
91 B 1 369.0 3820.0 2 3
92 D 1 1743.0 6554.0 2 3
93 F 0 410.0 3366.0 2 3
94 A 0 1755.0 1859.0 3 3
95 F 1 1188.0 7077.0 4 3
96 J 0 2018.0 9828.0 3 3
97 G 0 2123.0 10086.0 3 3
98 J 3 1269.0 1840.0 2 3
99 B 3 463.0 4642.0 2 3
100 H 1 1711.0 6553.0 2 3
101 D 0 792.0 1934.0 2 3
102 B 0 1983.0 9925.0 3 3
103 D 1 1503.0 6245.0 2 3
104 E 1 3789.0 18400.0 4 3
105 H 0 1480.0 5256.0 2 3
106 E 1 1372.0 4984.0 1 3
107 H 3 1181.0 1982.0 2 3
108 B 0 980.0 2685.0 3 3
109 F 2 1599.0 6522.0 2 3
110 A 0 1637.0 5057.0 2 3
111 C 0 1112.0 4612.0 2 3
112 H 0 1202.0 1840.0 2 3
113 B 0 2356.0 8442.0 4 3
114 H 0 2461.0 10132.0 4 3
115 J 0 974.0 3386.0 4 3
116 I 0 1346.0 4960.0 2 3
117 C 2 1285.0 6391.0 2 3
118 I 0 781.0 2198.0 2 3
119 I 2 1353.0 6241.0 2 3
120 A 2 4181.0 18400.0 4 3
121 D 0 846.0 2780.0 2 3
122 D 0 1910.0 9718.0 3 3
123 I 0 354.0 2714.0 2 3
124 G 0 2630.0 9462.0 3 2
125 J 0 888.0 4560.0 2 2
126 A 2 1230.0 4667.0 1 2
127 A 0 3584.0 13523.0 4 2
128 B 4 1794.0 6222.0 2 2
129 D 2 849.0 1760.0 2 2
130 G 0 1010.0 1840.0 2 2
131 A 2 1583.0 6054.0 2 2
132 D 2 3756.0 18400.0 4 2
133 D 1 1833.0 6008.0 2 2
134 E 0 1202.0 4712.0 2 2
135 H 2 1558.0 6001.0 2 2
136 B 2 1506.0 5976.0 2 2
137 E 0 1199.0 2557.0 2 2
138 A 0 1542.0 4705.0 2 2
139 E 0 1322.0 4690.0 2 2
140 E 0 811.0 4276.0 2 2
141 E 4 1148.0 4524.0 1 2
142 G 0 2040.0 9312.0 3 2
143 F 3 827.0 2481.0 2 2
144 I 1 1385.0 5956.0 2 2
145 D 3 967.0 1840.0 2 2
146 A 2 1141.0 4032.0 2 2
147 G 0 1492.0 4668.0 2 2
148 C 0 1171.0 4657.0 2 2
149 I 2 1077.0 1840.0 2 2
150 I 3 1071.0 1856.0 2 2
151 I 0 362.0 3176.0 2 2
152 G 0 1523.0 4613.0 2 2
153 H 0 3817.0 12632.0 4 2
154 B 4 2624.0 13801.0 3 2
155 E 2 1182.0 1760.0 2 2
156 J 3 1352.0 1840.0 2 2
157 A 4 3923.0 18400.0 4 2
158 C 0 913.0 3739.0 1 2
159 C 4 4035.0 16010.0 4 2
160 F 5 1264.0 5575.0 2 2
161 D 0 846.0 2800.0 2 2
162 H 0 2332.0 9265.0 3 2
163 I 0 558.0 3043.0 2 2
164 A 5 1481.0 5786.0 2 2
165 B 5 1187.0 4244.0 1 2
166 A 0 1376.0 4492.0 2 2
167 J 0 788.0 2380.0 2 2
168 J 0 1411.0 4304.0 3 2
169 C 5 1419.0 4194.0 1 2
170 D 0 763.0 2290.0 2 2
171 I 0 1083.0 3697.0 3 2
172 I 0 850.0 4265.0 2 2
173 I 0 1445.0 4458.0 2 2
174 B 3 1328.0 1840.0 2 2
175 I 3 417.0 2396.0 1 2
176 F 5 2754.0 13335.0 3 2
177 J 3 1145.0 1840.0 1 2
178 A 0 1471.0 4425.0 2 2
179 I 5 1507.0 5773.0 2 2
180 H 0 1318.0 4422.0 2 2
181 A 0 2041.0 8424.0 3 2
182 F 4 1760.0 5762.0 2 2
183 H 0 1076.0 3381.0 1 2
184 I 0 1505.0 4431.0 4 2
185 C 0 2193.0 7852.0 3 2
186 D 5 1459.0 5729.0 2 2
187 E 0 1263.0 4420.0 2 2
188 J 0 1261.0 4326.0 2 2
189 E 0 1737.0 5423.0 3 2
190 H 0 2924.0 11790.0 4 2
191 J 0 1736.0 1983.0 3 2
192 G 2 1599.0 5711.0 2 2
193 A 0 788.0 2304.0 1 2
194 E 0 376.0 3127.0 2 2
195 C 0 1246.0 4251.0 2 2
196 H 0 1128.0 4208.0 2 2
197 B 3 886.0 1917.0 2 2
198 A 0 1404.0 4162.0 2 2
199 J 3 1111.0 1840.0 1 2
200 I 0 1867.0 7207.0 3 2
201 J 0 1133.0 4148.0 2 2
202 A 0 790.0 3475.0 2 2
203 D 0 2010.0 2185.0 4 2
204 A 2 1322.0 5206.0 2 2
205 I 3 678.0 2252.0 2 2
206 G 0 1194.0 4110.0 2 2
207 D 0 2331.0 7199.0 3 2
208 E 0 1431.0 4110.0 2 2
209 D 0 2198.0 7143.0 3 2
210 I 0 1029.0 3154.0 3 2
211 E 0 1009.0 4089.0 2 2
212 J 3 1460.0 2674.0 4 2
213 F 2 1413.0 4094.0 1 2
214 I 0 2896.0 6462.0 4 2
215 D 0 1775.0 6517.0 3 2
216 G 0 674.0 4621.0 3 2
217 A 2 1401.0 5690.0 2 2
218 D 0 990.0 4040.0 2 2
219 A 2 1643.0 5672.0 2 2
220 H 0 984.0 3970.0 2 2
221 D 0 902.0 3923.0 2 2
222 F 3 1106.0 3234.0 3 2
223 D 2 3827.0 16001.0 4 2
224 J 0 1167.0 3905.0 2 2
225 F 0 471.0 3754.0 2 2
226 B 1 1437.0 5618.0 2 2
227 D 0 1171.0 3875.0 2 2
228 A 0 1047.0 3848.0 2 2
229 J 2 1556.0 5579.0 2 2
230 C 0 710.0 3048.0 1 2
231 E 0 1354.0 3844.0 2 2
232 H 0 995.0 3788.0 2 2
233 E 0 701.0 2902.0 1 2
234 F 3 1272.0 1840.0 2 2
235 J 1 2458.0 12936.0 3 2
236 F 0 1105.0 3549.0 4 2
237 A 0 1143.0 3745.0 2 2
238 C 2 2286.0 12913.0 3 2
239 B 0 2344.0 11217.0 4 2
240 C 4 1150.0 3916.0 1 2
241 H 3 1095.0 2062.0 1 2
242 I 0 313.0 2965.0 2 2
243 G 0 746.0 2566.0 1 2
244 E 5 1608.0 5554.0 2 2
245 C 0 1249.0 3737.0 2 2
246 A 0 1622.0 7047.0 3 2
247 J 4 4101.0 15968.0 4 2
248 B 1 1009.0 3673.0 3 2
249 A 4 1349.0 5543.0 2 2
250 E 0 683.0 2246.0 1 2
251 J 4 882.0 3715.0 1 2
252 I 0 1135.0 3725.0 2 2
253 I 1 646.0 2886.0 2 2
254 F 0 2079.0 1840.0 1 2
255 B 1 2759.0 12308.0 3 2
256 H 0 2232.0 1840.0 1 2
257 H 2 1226.0 1840.0 2 2
258 D 0 1702.0 10181.0 4 2
259 I 2 1034.0 1840.0 2 2
260 I 1 1462.0 5530.0 2 2
261 I 0 1209.0 3638.0 2 2
262 G 0 1233.0 5706.0 3 2
263 F 1 1484.0 5519.0 2 2
264 A 0 1252.0 5198.0 4 2
265 H 2 866.0 1840.0 2 2
266 B 2 1189.0 1851.0 2 2
267 C 1 2994.0 11884.0 3 2
268 A 2 1662.0 1840.0 3 2
269 I 0 1093.0 3630.0 2 2
270 I 0 754.0 2490.0 2 2
271 A 0 940.0 3596.0 2 2
272 A 3 1045.0 1840.0 1 2
273 I 0 1122.0 2771.0 3 2
274 H 1 1619.0 5504.0 2 2
275 D 0 1290.0 3498.0 3 2
276 I 0 1137.0 3537.0 2 2
277 E 0 1246.0 1942.0 2 1
278 G 0 1420.0 1840.0 2 1
279 B 0 1871.0 3508.0 2 1
280 G 1 3074.0 11855.0 3 1
281 D 0 1739.0 3301.0 2 1
282 C 4 2060.0 5472.0 2 1
283 C 0 1660.0 3397.0 2 1
284 B 4 1773.0 5470.0 2 1
285 J 0 1306.0 2741.0 2 1
286 G 0 1409.0 2819.0 2 1
287 G 0 1539.0 3382.0 2 1
288 I 0 1100.0 1840.0 2 1
289 H 0 1319.0 1972.0 1 1
290 G 0 2616.0 6887.0 3 1
291 G 0 1401.0 2489.0 2 1
292 E 0 1746.0 5440.0 2 1
293 I 2 4546.0 15859.0 4 1
294 F 2 2031.0 5419.0 2 1
295 B 3 1824.0 5412.0 2 1
296 E 0 1890.0 3375.0 2 1
297 E 3 3721.0 15567.0 4 1
298 G 3 1808.0 5365.0 2 1
299 E 0 1630.0 3359.0 2 1
300 B 3 3032.0 11272.0 3 1
301 D 3 1976.0 5353.0 2 1
302 E 0 1407.0 1840.0 1 1
303 I 0 1515.0 1986.0 1 1
304 D 0 2051.0 2849.0 3 1
305 G 0 1438.0 1786.0 1 1
306 A 3 3060.0 11234.0 3 1
307 J 0 2290.0 6873.0 3 1
308 J 1 4631.0 14693.0 4 1
309 J 4 3166.0 10612.0 3 1
310 E 0 1766.0 3332.0 2 1
311 E 0 1677.0 3248.0 2 1
312 J 0 2838.0 6825.0 3 1
313 I 0 1274.0 3103.0 2 1
314 A 0 2489.0 6622.0 3 1
315 B 0 1798.0 3238.0 2 1
316 E 4 3555.0 14610.0 4 1
317 J 0 1983.0 3232.0 2 1
318 D 0 1365.0 1840.0 2 1
319 J 0 767.0 1840.0 1 1
320 I 2 1185.0 1840.0 2 1
321 H 0 2773.0 6577.0 3 1
322 D 0 3215.0 9639.0 4 1
323 G 0 1167.0 1840.0 2 1
324 F 0 2606.0 6572.0 3 1
325 I 0 865.0 1760.0 1 1
326 H 0 1866.0 3131.0 2 1
327 D 0 1851.0 5309.0 2 1
328 C 0 1327.0 2563.0 2 1
329 J 0 1470.0 3129.0 2 1
330 I 0 1514.0 1680.0 2 1
331 D 0 1655.0 3128.0 2 1
332 E 0 1935.0 3059.0 2 1
333 E 0 1469.0 3038.0 2 1
334 F 0 2594.0 2527.0 3 1
335 J 0 894.0 1760.0 1 1
336 C 0 1484.0 1842.0 1 1
337 H 0 2058.0 5284.0 2 1
338 H 0 1927.0 5276.0 2 1
339 I 0 2370.0 6524.0 3 1
340 D 0 1865.0 3020.0 2 1
341 H 0 1899.0 5244.0 2 1
342 C 2 1887.0 5240.0 2 1
343 E 2 2718.0 10589.0 3 1
344 J 0 1474.0 2999.0 2 1
345 F 0 2428.0 6337.0 3 1
346 E 0 2930.0 10506.0 3 1
347 H 0 1309.0 2805.0 2 1
348 C 0 2733.0 6424.0 3 1
349 I 0 2842.0 10403.0 3 1
350 F 0 3167.0 10639.0 4 1
351 G 0 1319.0 1840.0 2 1
352 E 2 3376.0 10372.0 3 1
353 G 0 1855.0 2995.0 2 1
354 I 3 4130.0 14551.0 4 1
355 G 3 2209.0 3658.0 4 1
356 A 0 1283.0 1840.0 2 1
357 B 0 1491.0 2862.0 2 1
358 I 3 1872.0 5191.0 2 1
359 A 0 2568.0 3185.0 3 1
360 J 0 2130.0 6381.0 3 1
361 C 0 1849.0 5186.0 2 1
362 H 0 1887.0 5182.0 2 1
363 C 3 3247.0 9908.0 3 1
364 G 3 1469.0 3616.0 1 1
365 J 0 1440.0 1843.0 1 1
366 H 3 3584.0 8379.0 4 1
367 E 3 2874.0 10354.0 3 1
368 D 0 1525.0 2054.0 2 1
369 H 0 2235.0 3358.0 4 1
370 A 0 2652.0 6332.0 3 1
371 I 0 1371.0 4681.0 2 1
372 B 0 1820.0 2970.0 2 1
373 B 0 1148.0 1840.0 2 1
374 C 1 890.0 1680.0 1 1
375 A 3 1076.0 2219.0 2 1
376 B 0 1522.0 2955.0 2 1
377 F 3 2026.0 5126.0 2 1
378 G 1 3069.0 10317.0 3 1
379 F 0 1304.0 1840.0 1 1
380 J 1 1386.0 2609.0 3 1
381 H 1 3758.0 14546.0 4 1
382 H 5 1887.0 5121.0 2 1
383 D 0 1284.0 2208.0 2 1
384 I 5 4606.0 14498.0 4 1
385 H 0 3213.0 10167.0 4 1
386 D 5 1847.0 4898.0 2 1
387 J 0 2081.0 6286.0 3 1
388 E 0 1279.0 1840.0 2 1
389 J 0 1651.0 2949.0 2 1
390 I 0 1692.0 2303.0 2 1
391 J 0 2160.0 3689.0 3 1
392 F 0 1885.0 2937.0 2 1
393 C 0 3632.0 10073.0 4 1
394 H 1 1899.0 2442.0 3 1
395 C 0 1706.0 2923.0 2 1
396 B 2 1216.0 2211.0 2 1
397 C 0 2454.0 5711.0 3 1
398 F 0 1561.0 2502.0 3 1
399 F 0 1620.0 1840.0 2 1
400 J 0 1618.0 2052.0 2 1
401 F 1 3336.0 14161.0 4 1
402 I 0 1597.0 2922.0 2 1
403 A 0 1908.0 4660.0 3 1
404 F 0 1284.0 1840.0 2 1
405 B 0 1474.0 2911.0 2 1
406 A 3 955.0 1840.0 1 1
407 A 0 2345.0 5119.0 2 1
408 J 0 4142.0 13343.0 4 1
409 A 0 2859.0 9237.0 4 1
410 A 0 1779.0 2344.0 3 1
411 I 2 1370.0 2889.0 3 1
412 C 0 1513.0 1840.0 2 1
413 C 0 2042.0 3159.0 4 1
414 C 0 2080.0 5117.0 2 1
415 E 2 3548.0 13154.0 4 1
416 I 1 932.0 3378.0 1 3
417 G 1 1314.0 5113.0 2 3
418 J 1 752.0 2266.0 2 3
419 H 2 1300.0 5110.0 2 3
420 H 1 693.0 2768.0 2 3
421 B 2 1169.0 4663.0 2 3
422 G 1 952.0 4779.0 2 3
423 G 1 640.0 2372.0 2 3
424 H 1 1002.0 4689.0 2 3
425 E 3 992.0 1846.0 2 3
426 A 1 1119.0 3394.0 1 3
427 I 1 709.0 2237.0 2 3
428 G 2 1107.0 3685.0 1 3
429 J 1 2484.0 10091.0 3 3
430 D 1 1593.0 4686.0 4 3
431 J 1 456.0 2533.0 1 3
432 C 4 2270.0 10281.0 3 3
433 C 4 782.0 1840.0 1 3
434 H 1 2581.0 9193.0 3 3
435 D 1 1259.0 4820.0 2 3
436 B 1 2145.0 9179.0 3 3
437 J 4 1122.0 1840.0 2 3
438 J 2 1500.0 5084.0 2 3
439 J 1 1208.0 4773.0 2 3
440 J 1 1368.0 2581.0 3 3
441 G 1 542.0 2841.0 2 3
442 H 1 1014.0 4735.0 2 3
443 J 1 1086.0 4714.0 2 3
444 C 1 546.0 2648.0 1 3
445 F 2 2283.0 10158.0 3 3
446 D 1 1024.0 2872.0 1 3
447 A 1 258.0 3903.0 3 3
448 H 1 1447.0 4413.0 4 3
449 J 5 1337.0 5079.0 2 3
450 A 1 269.0 2886.0 2 3
451 G 5 2166.0 9778.0 3 3
452 I 1 1143.0 4671.0 2 3
453 H 0 726.0 2422.0 2 3
454 I 1 2277.0 9179.0 3 3
455 C 1 717.0 2990.0 2 3
456 G 1 1758.0 8708.0 3 3
457 B 1 1811.0 1760.0 3 3
458 H 1 2225.0 7976.0 3 3
459 E 1 769.0 2385.0 2 3
460 F 1 2361.0 7709.0 3 3
461 I 5 1294.0 5067.0 2 3
462 H 5 2875.0 13121.0 4 3
463 F 1 289.0 5690.0 3 3
464 C 2 779.0 1840.0 2 3
465 I 1 776.0 4402.0 2 3
466 H 5 3510.0 13012.0 4 3
467 B 2 1518.0 1840.0 3 3
468 A 1 2258.0 7527.0 3 3
469 J 2 1451.0 8666.0 3 3
470 B 2 1033.0 5040.0 2 3
471 E 1 2053.0 8573.0 4 3
472 F 1 2657.0 12994.0 4 3
473 I 1 1799.0 7270.0 3 3
474 E 1 1304.0 4601.0 2 3
475 B 1 695.0 2812.0 1 3
476 G 1 1310.0 4578.0 2 3
477 G 4 2108.0 9467.0 3 3
478 J 1 946.0 4482.0 2 3
479 E 2 1040.0 3478.0 1 3
480 C 1 1196.0 4464.0 2 3
481 E 1 1119.0 5780.0 3 3
482 A 1 496.0 3364.0 2 3
483 B 1 3613.0 11649.0 4 3
484 J 1 3295.0 11345.0 4 3
485 E 5 1111.0 5036.0 2 3
486 G 1 1473.0 3302.0 3 3
487 D 5 1457.0 5036.0 2 3
488 B 1 431.0 3098.0 2 3
489 F 2 779.0 4736.0 2 3
490 H 3 -58.0 2409.0 2 3
491 B 1 2605.0 2068.0 2 3
492 I 3 1588.0 2164.0 3 3
493 C 1 450.0 4382.0 3 3
494 I 1 363.0 2602.0 2 3
495 B 1 1089.0 2079.0 2 3
496 G 1 1105.0 9017.0 4 3
497 B 1 1999.0 1889.0 1 3
498 C 1 847.0 2481.0 1 3
499 D 3 798.0 2171.0 1 3
500 F 1 836.0 2615.0 2 3
501 C 1 1129.0 4451.0 2 3
502 J 2 1207.0 4945.0 2 3
503 A 1 989.0 2647.0 1 3
504 H 1 2145.0 1984.0 1 3
505 F 1 364.0 2468.0 3 3
506 E 4 2371.0 9407.0 3 3
507 D 5 1137.0 3405.0 1 3
508 D 1 2487.0 2092.0 2 3
509 I 1 683.0 2520.0 1 3
510 H 1 1669.0 6179.0 4 3
511 A 5 2772.0 12906.0 4 3
512 G 1 1003.0 4429.0 2 3
513 I 0 697.0 10994.0 3 3
514 C 5 2932.0 12904.0 4 3
515 F 1 1286.0 4406.0 2 3
516 F 1 2185.0 2198.0 2 3
517 H 1 364.0 4925.0 3 3
518 G 1 2499.0 2191.0 2 3
519 E 1 983.0 4386.0 2 3
520 H 1 2466.0 2308.0 2 3
521 I 5 1110.0 3526.0 1 3
522 I 1 928.0 6624.0 3 3
523 A 1 680.0 3972.0 2 3
524 F 1 1130.0 4291.0 2 3
525 J 1 2253.0 1840.0 1 3
526 G 1 2585.0 10968.0 4 3
527 J 1 826.0 4023.0 2 3
528 J 3 1419.0 4935.0 2 3
529 J 1 906.0 4177.0 2 3
530 F 3 2602.0 9342.0 3 3
531 F 4 996.0 4923.0 2 3
532 E 1 3090.0 10011.0 4 3
533 G 1 2506.0 2225.0 2 3
534 J 1 1821.0 3635.0 4 3
535 E 5 1086.0 1882.0 2 3
536 G 1 2266.0 1680.0 1 3
537 G 1 2260.0 2289.0 2 3
538 G 3 828.0 3363.0 3 3
539 C 1 250.0 2822.0 2 3
540 B 5 1482.0 4905.0 2 2
541 I 1 1446.0 3394.0 4 2
542 B 1 1350.0 4133.0 2 2
543 G 2 1554.0 4901.0 2 2
544 F 1 1570.0 4013.0 4 2
545 A 2 2143.0 9223.0 3 2
546 B 1 1380.0 4107.0 2 2
547 J 3 507.0 2432.0 2 2
548 I 2 1266.0 4892.0 2 2
549 E 2 1171.0 4891.0 2 2
550 E 2 1001.0 4674.0 2 2
551 F 1 1088.0 3741.0 2 2
552 D 1 1088.0 4054.0 2 2
553 I 1 1010.0 4031.0 2 2
554 D 1 1923.0 6901.0 3 2
555 J 2 1153.0 4871.0 2 2
556 G 3 1042.0 3499.0 1 2
557 D 3 1632.0 4857.0 2 2
558 I 3 1060.0 4631.0 2 2
559 D 1 961.0 4008.0 2 2
560 I 3 1613.0 4835.0 2 2
561 J 4 2256.0 9122.0 3 2
562 E 1 1161.0 3840.0 2 2
563 I 5 1453.0 4823.0 2 2
564 C 3 751.0 1957.0 1 2
565 E 1 2000.0 6583.0 3 2
566 E 4 1051.0 3346.0 1 2
567 E 1 1210.0 3762.0 2 2
568 C 1 738.0 2337.0 1 2
569 I 2 1223.0 4811.0 2 2
570 A 1 648.0 2874.0 2 2
571 G 3 1870.0 2105.0 3 2
572 H 1 1980.0 6825.0 3 2
573 D 1 1452.0 2651.0 3 2
574 C 1 936.0 3744.0 2 2
575 B 1 689.0 3052.0 2 2
576 E 1 3443.0 9722.0 4 2
577 C 1 1293.0 4495.0 3 2
578 I 1 704.0 3386.0 2 2
579 H 1 991.0 3599.0 2 2
580 C 2 1127.0 3469.0 1 2
581 H 4 2144.0 9047.0 3 2
582 G 2 1473.0 4810.0 2 2
583 J 2 2766.0 12899.0 4 2
584 J 1 1817.0 6762.0 3 2
585 J 1 1110.0 3574.0 2 2
586 F 1 1349.0 5537.0 3 2
587 D 2 1444.0 4786.0 2 2
588 C 4 1549.0 4783.0 2 2
589 I 1 1125.0 3570.0 2 2
590 C 4 1258.0 4572.0 2 2
591 I 1 1102.0 3499.0 2 2
592 D 1 1136.0 6545.0 4 2
593 A 1 1166.0 2998.0 3 2
594 J 1 1518.0 3701.0 3 2
595 G 1 2205.0 9637.0 4 2
596 C 5 1303.0 4777.0 2 2
597 J 1 3232.0 9411.0 4 2
598 A 1 915.0 2290.0 1 2
599 G 1 1067.0 3465.0 2 2
600 G 1 1016.0 3463.0 2 2
601 C 5 1112.0 4561.0 2 2
602 E 1 2094.0 5884.0 4 2
603 F 5 1161.0 4543.0 2 2
604 G 1 1100.0 3434.0 2 2
605 A 1 1192.0 3422.0 2 2
606 C 1 960.0 3416.0 2 2
607 F 1 2594.0 2178.0 2 2
608 A 5 2589.0 8992.0 3 2
609 B 2 1288.0 4743.0 2 2
610 C 2 1462.0 4725.0 2 2
611 B 2 3861.0 12877.0 4 2
612 A 2 2139.0 8980.0 3 2
613 G 1 917.0 3411.0 2 2
614 E 3 816.0 2150.0 2 2
615 F 3 2574.0 8809.0 3 2
616 D 1 1534.0 6612.0 3 2
617 J 1 995.0 3373.0 2 2
618 D 1 808.0 3369.0 2 2
619 I 3 1209.0 4719.0 2 2
620 H 3 3510.0 12869.0 4 2
621 H 4 2434.0 8771.0 3 2
622 I 4 2192.0 8688.0 3 2
623 F 1 920.0 3368.0 2 2
624 B 4 2762.0 12809.0 4 2
625 B 1 1387.0 6383.0 3 2
626 F 2 1841.0 8615.0 3 2
627 E 1 682.0 4803.0 3 2
628 B 2 2302.0 8364.0 3 2
629 J 2 1234.0 4709.0 2 2
630 F 1 1390.0 6332.0 3 2
631 I 1 1360.0 6298.0 3 2
632 B 0 988.0 2732.0 3 2
633 G 1 1061.0 3356.0 2 2
634 J 1 953.0 4138.0 3 2
635 F 1 837.0 3337.0 2 2
636 J 5 898.0 3400.0 1 2
637 I 1 969.0 3268.0 2 2
638 E 1 1145.0 3247.0 2 2
639 F 1 1374.0 7025.0 4 2
640 H 5 2324.0 8362.0 3 2
641 H 1 2268.0 2003.0 2 2
642 A 1 1063.0 3227.0 2 2
643 E 5 1155.0 4692.0 2 2
644 I 1 1362.0 2337.0 3 2
645 J 1 1977.0 5976.0 3 2
646 C 5 1212.0 4472.0 2 2
647 E 1 765.0 3225.0 2 2
648 C 5 2981.0 12755.0 4 2
649 H 1 2044.0 5528.0 3 2
650 B 1 1182.0 3201.0 2 2
651 H 1 1843.0 3783.0 3 2
652 J 1 1298.0 2694.0 3 2
653 F 4 1063.0 4656.0 2 2
654 G 4 3506.0 12616.0 4 2
655 D 5 1870.0 8355.0 3 2
656 E 1 709.0 5455.0 3 2
657 H 1 2402.0 1795.0 1 2
658 D 1 2060.0 1840.0 2 2
659 B 3 1273.0 2429.0 3 2
660 E 4 1074.0 4628.0 2 2
661 D 1 896.0 3199.0 2 2
662 E 1 2323.0 2027.0 2 2
663 D 1 2225.0 1795.0 2 2
664 I 1 1287.0 5517.0 3 2
665 C 5 923.0 4403.0 2 2
666 H 1 969.0 3198.0 2 2
667 I 0 1222.0 2206.0 3 2
668 I 2 1947.0 8236.0 3 2
669 F 2 2476.0 8199.0 3 2
670 H 2 2845.0 12030.0 4 2
671 G 1 559.0 4844.0 3 2
672 D 2 1299.0 4598.0 2 2
673 F 1 1015.0 3194.0 2 2
674 A 1 556.0 3053.0 2 2
675 C 1 1319.0 4318.0 3 2
676 E 1 1081.0 3171.0 2 2
677 C 3 855.0 2216.0 2 2
678 B 2 1069.0 4592.0 2 2
679 C 2 1237.0 4574.0 2 2
680 F 1 594.0 2848.0 2 2
681 E 1 954.0 3128.0 2 2
682 E 1 1044.0 2707.0 2 2
683 I 1 2367.0 9162.0 4 2
684 C 1 2337.0 2257.0 2 2
685 I 1 2176.0 1840.0 2 2
686 H 1 685.0 3386.0 3 2
687 D 1 1884.0 5441.0 3 2
688 C 2 1170.0 4563.0 2 2
689 E 2 1141.0 4543.0 2 2
690 G 1 599.0 2989.0 2 2
691 B 2 1121.0 3204.0 1 2
692 A 4 757.0 2286.0 1 2
693 J 1 2076.0 2470.0 2 1
694 E 1 1298.0 1760.0 2 1
695 A 1 2254.0 4540.0 2 1
696 H 0 992.0 1840.0 2 1
697 H 1 2997.0 9083.0 4 1
698 C 1 1730.0 3105.0 2 1
699 B 1 2244.0 4513.0 2 1
700 G 1 1353.0 1840.0 2 1
701 D 3 1351.0 1860.0 2 1
702 H 0 1584.0 1840.0 3 1
703 I 1 2880.0 5208.0 3 1
704 D 1 1376.0 2966.0 2 1
705 F 2 1880.0 4278.0 2 1
706 I 1 883.0 2107.0 2 1
707 C 1 1481.0 2062.0 1 1
708 D 1 1296.0 1840.0 2 1
709 D 1 1764.0 3088.0 2 1
710 F 1 1535.0 3085.0 2 1
711 D 1 1732.0 3068.0 2 1
712 I 1 3679.0 9049.0 4 1
713 E 3 1896.0 4444.0 2 1
714 J 1 1551.0 2925.0 2 1
715 E 3 1804.0 1840.0 3 1
716 B 1 2457.0 6136.0 4 1
717 C 1 1694.0 3052.0 2 1
718 B 3 1477.0 1840.0 2 1
719 F 1 1766.0 3048.0 2 1
720 H 1 1459.0 3040.0 2 1
721 C 1 1310.0 2095.0 1 1
722 B 1 918.0 1840.0 1 1
723 D 1 1265.0 1840.0 2 1
724 I 1 1733.0 3756.0 3 1
725 C 1 1734.0 4423.0 2 1
726 D 1 3514.0 9013.0 4 1
727 F 1 1004.0 1840.0 2 1
728 J 1 1689.0 2886.0 2 1
729 G 1 1173.0 1890.0 2 1
730 J 4 4265.0 12430.0 4 1
731 A 1 1788.0 2987.0 2 1
732 A 1 1415.0 3009.0 2 1
733 F 1 1026.0 1840.0 1 1
734 I 1 1611.0 1956.0 2 1
735 H 1 1651.0 3008.0 2 1
736 E 1 1883.0 4409.0 2 1
737 D 5 2920.0 8196.0 3 1
738 A 1 685.0 2266.0 2 1
739 J 1 2417.0 5040.0 3 1
740 E 1 1371.0 1984.0 3 1
741 A 1 1441.0 2994.0 2 1
742 B 1 3346.0 8690.0 4 1
743 H 1 995.0 2242.0 2 1
744 I 1 2268.0 4960.0 3 1
745 C 4 3217.0 12228.0 4 1
746 J 1 1737.0 2957.0 2 1
747 F 1 2773.0 8536.0 4 1
748 A 2 1775.0 3258.0 1 1
749 J 5 1659.0 4405.0 2 1
750 G 4 2788.0 8144.0 3 1
751 G 1 2050.0 3559.0 3 1
752 H 3 1397.0 1840.0 2 1
753 F 1 1576.0 2929.0 2 1
754 D 1 1760.0 4395.0 2 1
755 C 1 3448.0 7840.0 4 1
756 E 1 1323.0 2738.0 3 1
757 E 1 1167.0 1840.0 1 1
758 I 1 1077.0 2010.0 2 1
759 F 1 1827.0 2565.0 3 1
760 J 1 2491.0 4601.0 3 1
761 J 1 808.0 1840.0 1 1
762 H 1 1740.0 4392.0 2 1
763 J 3 2459.0 1840.0 3 1
764 I 1 2654.0 4806.0 3 1
765 F 1 1547.0 2787.0 2 1
766 F 1 2013.0 7415.0 3 1
767 H 1 1902.0 2912.0 2 1
768 J 1 2507.0 8094.0 3 1
769 G 1 1207.0 2161.0 2 1
770 J 1 2562.0 4531.0 3 1
771 F 1 2006.0 2377.0 4 1
772 F 1 1626.0 2907.0 2 1
773 G 1 3882.0 12191.0 4 1
774 H 1 1417.0 3256.0 1 1
775 G 1 1723.0 2827.0 2 1
776 E 1 1390.0 1867.0 2 1
777 J 1 1437.0 2801.0 2 1
778 H 1 1267.0 3202.0 1 1
779 A 1 2473.0 4710.0 3 1
780 B 4 3224.0 12080.0 4 1
781 A 2 1713.0 4367.0 2 1
782 E 1 1313.0 2158.0 2 1
783 C 1 1389.0 1942.0 2 1
784 D 1 1490.0 2573.0 3 1
785 H 1 2070.0 2596.0 3 1
786 D 1 1592.0 2770.0 2 1
787 C 1 2144.0 2268.0 3 1
788 E 1 1928.0 4174.0 2 1
789 I 1 941.0 1840.0 2 1
790 E 1 2666.0 8076.0 3 1
791 J 1 3179.0 7452.0 4 1
792 G 1 1659.0 2756.0 2 1
793 E 1 3689.0 11866.0 4 1
794 J 1 1688.0 4446.0 3 1
795 D 1 1497.0 3190.0 1 1
796 G 1 986.0 1840.0 1 1
797 H 2 1862.0 4353.0 2 1
798 F 2 4316.0 11834.0 4 1
799 F 1 1499.0 2754.0 2 1
800 C 1 1587.0 2698.0 2 1
801 I 2 3904.0 11743.0 4 1
802 D 1 1170.0 2069.0 2 1
803 E 4 1975.0 4338.0 2 1
804 F 4 3122.0 8030.0 3 1
805 J 4 1807.0 4330.0 2 1
806 I 1 1765.0 2693.0 2 1
807 D 1 1409.0 2450.0 2 1
808 F 1 2092.0 4420.0 3 1
809 I 1 2292.0 4216.0 3 1
810 G 5 1629.0 4327.0 2 1
811 C 3 1740.0 1840.0 2 1
812 F 5 2914.0 7988.0 3 1
813 H 1 1652.0 2580.0 2 1
814 E 1 1787.0 4322.0 2 1
815 G 1 1365.0 1840.0 2 1
816 B 5 2819.0 7908.0 3 1
817 F 1 1094.0 1840.0 2 1
818 H 5 1732.0 4316.0 2 1
819 F 1 1425.0 2675.0 2 1
820 E 5 1933.0 4309.0 2 1
821 E 1 3375.0 8519.0 4 1
822 F 1 1576.0 2558.0 2 1
823 B 1 1708.0 2672.0 2 1
824 I 5 2486.0 7809.0 3 1
825 C 1 1476.0 2151.0 3 1
826 A 1 1181.0 1840.0 2 1
827 H 1 2417.0 4241.0 3 1
828 D 1 1780.0 2669.0 2 1
829 J 5 3706.0 11643.0 4 1
830 G 5 2774.0 7740.0 3 1
831 D 1 2699.0 3397.0 3 1
832 D 4 797.0 3912.0 2 3
833 I 3 954.0 4268.0 2 3
834 G 2 2777.0 11494.0 4 3
835 C 3 991.0 4249.0 2 3
836 I 2 1154.0 4242.0 2 3
837 D 4 1147.0 4242.0 2 3
838 I 4 2418.0 7707.0 3 3
839 J 2 1133.0 4209.0 2 3
840 I 2 2387.0 2361.0 2 3
841 C 2 1119.0 4197.0 2 3
842 I 2 1292.0 2681.0 3 3
843 E 2 1050.0 4179.0 2 3
844 J 4 1299.0 4232.0 2 3
845 C 2 1973.0 7694.0 3 3
846 B 2 2018.0 1760.0 1 3
847 E 2 2095.0 2214.0 2 3
848 H 0 819.0 3064.0 3 3
849 B 3 1389.0 2098.0 3 3
850 D 2 3070.0 10896.0 4 3
851 I 2 609.0 3957.0 2 3
852 E 4 1008.0 3188.0 1 3
853 J 2 1074.0 4684.0 3 3
854 J 2 832.0 4130.0 2 3
855 E 2 2049.0 1840.0 2 3
856 C 2 1230.0 4084.0 2 3
857 A 2 924.0 3864.0 2 3
858 G 2 2695.0 10430.0 4 3
859 C 5 509.0 2893.0 1 3
860 H 2 2729.0 10107.0 4 3
861 B 2 1238.0 4036.0 2 3
862 G 5 1875.0 7634.0 3 3
863 I 2 2447.0 2313.0 2 3
864 H 2 1506.0 7238.0 3 3
865 E 5 2670.0 11532.0 4 3
866 A 2 1632.0 7097.0 3 3
867 C 2 989.0 3995.0 2 3
868 J 2 2176.0 1840.0 1 3
869 I 5 1900.0 3562.0 3 3
870 F 5 1268.0 4222.0 2 3
871 F 2 777.0 3948.0 3 3
872 B 4 3364.0 11380.0 4 3
873 E 2 1201.0 4189.0 2 3
874 J 2 1705.0 7015.0 3 3
875 E 2 1967.0 7498.0 3 3
876 C 2 926.0 3912.0 2 3
877 D 2 2195.0 1840.0 1 3
878 A 2 1465.0 6983.0 3 3
879 G 5 626.0 2314.0 2 3
880 A 2 757.0 2985.0 3 3
881 G 3 956.0 4005.0 2 3
882 E 2 1800.0 6929.0 3 3
883 I 2 854.0 3905.0 2 3
884 C 2 707.0 3338.0 3 3
885 J 2 1018.0 3867.0 2 3
886 E 2 1996.0 1840.0 2 3
887 C 2 2255.0 2409.0 2 3
888 H 5 1068.0 4156.0 2 3
889 B 5 607.0 3765.0 2 3
890 A 2 1072.0 3443.0 3 3
891 B 2 1048.0 3795.0 2 3
892 E 3 1273.0 4115.0 2 3
893 A 2 1509.0 6612.0 3 3
894 A 3 1887.0 7419.0 3 3
895 H 2 1757.0 6912.0 3 3
896 F 3 1123.0 4109.0 2 3
897 J 2 507.0 3626.0 2 3
898 B 2 629.0 2251.0 2 3
899 I 2 2039.0 2083.0 1 3
900 G 2 2339.0 1680.0 2 3
901 E 2 2216.0 2155.0 2 3
902 C 2 1099.0 3777.0 2 3
903 E 3 1000.0 4087.0 2 3
904 J 2 669.0 2815.0 1 3
905 G 3 2142.0 7310.0 3 3
906 E 2 915.0 3765.0 2 3
907 I 2 2023.0 2264.0 2 3
908 G 4 3402.0 11205.0 4 3
909 H 2 2123.0 2159.0 2 3
910 I 3 1245.0 4072.0 2 3
911 A 2 806.0 5475.0 3 3
912 G 3 1153.0 4072.0 2 3
913 D 5 698.0 2277.0 2 3
914 F 2 817.0 3742.0 2 3
915 G 2 2016.0 6736.0 3 3
916 B 2 639.0 3739.0 2 3
917 C 2 2055.0 6689.0 3 3
918 J 0 584.0 3146.0 2 3
919 J 2 1342.0 6565.0 3 3
920 J 2 235.0 3410.0 2 3
921 B 0 2324.0 3582.0 3 3
922 B 2 316.0 2271.0 1 3
923 B 3 1008.0 4045.0 2 3
924 I 3 969.0 4001.0 2 3
925 E 2 901.0 4959.0 4 3
926 G 2 1962.0 6533.0 3 3
927 D 3 1258.0 3982.0 2 3
928 A 2 820.0 3719.0 2 3
929 H 2 2280.0 2092.0 2 3
930 E 3 1127.0 3977.0 2 3
931 F 2 905.0 3714.0 2 3
932 D 3 1165.0 3976.0 2 3
933 J 3 1974.0 7296.0 3 3
934 G 3 1338.0 3968.0 2 3
935 F 2 943.0 3713.0 2 3
936 J 2 423.0 3389.0 2 3
937 F 5 756.0 3790.0 2 3
938 D 5 805.0 3603.0 2 3
939 B 5 2742.0 11170.0 4 3
940 B 5 770.0 3945.0 2 3
941 A 2 1107.0 3701.0 2 3
942 E 5 1944.0 7165.0 3 3
943 C 5 1046.0 3937.0 2 3
944 J 2 441.0 4442.0 3 3
945 F 2 1732.0 6436.0 3 3
946 A 2 2862.0 10094.0 4 3
947 A 2 941.0 3694.0 2 3
948 H 2 2356.0 2274.0 2 3
949 J 2 585.0 3321.0 2 3
950 G 5 1157.0 3933.0 2 3
951 H 2 677.0 3650.0 3 3
952 H 2 1994.0 6362.0 3 3
953 F 2 1573.0 6276.0 3 3
954 B 4 1053.0 3760.0 2 3
955 A 2 2120.0 1840.0 1 3
956 H 2 1224.0 3614.0 2 2
957 A 2 2362.0 1840.0 1 2
958 C 2 2848.0 10092.0 4 2
959 J 4 787.0 2798.0 1 2
960 J 4 1114.0 3930.0 2 2
961 J 2 2508.0 9706.0 4 2
962 D 5 1566.0 7087.0 3 2
963 A 2 1548.0 6211.0 3 2
964 A 4 3558.0 11057.0 4 2
965 A 2 2520.0 9702.0 4 2
966 A 2 1813.0 3546.0 3 2
967 E 4 1266.0 3898.0 2 2
968 C 2 720.0 3454.0 2 2
969 G 2 1937.0 4556.0 4 2
970 E 2 764.0 3550.0 2 2
971 A 2 1362.0 6195.0 3 2
972 C 5 2215.0 7084.0 3 2
973 J 5 2027.0 6718.0 3 2
974 E 4 718.0 2917.0 1 2
975 F 2 2491.0 2161.0 2 2
976 H 2 1112.0 3519.0 2 2
977 I 2 2450.0 9456.0 4 2
978 A 0 797.0 2181.0 1 2
979 H 5 737.0 2754.0 1 2
980 H 2 2594.0 2059.0 2 2
981 B 0 947.0 3463.0 3 2
982 E 2 1298.0 2385.0 3 2
983 H 2 949.0 3504.0 2 2
984 G 4 1074.0 3729.0 2 2
985 D 2 2256.0 1760.0 2 2
986 H 2 1045.0 3491.0 2 2
987 A 2 742.0 3202.0 2 2
988 G 4 1768.0 7018.0 3 2
989 B 4 2247.0 6960.0 3 2
990 D 2 1091.0 3299.0 2 2
991 A 2 806.0 3275.0 2 2
992 E 0 1068.0 3893.0 2 2
993 I 2 651.0 2647.0 1 2
994 B 2 366.0 4817.0 3 2
995 C 3 1054.0 3888.0 2 2
996 E 2 722.0 3274.0 2 2
997 B 2 671.0 2500.0 1 2
998 D 2 2268.0 1878.0 1 2
999 B 2 2227.0 2392.0 2 2
1000 I 2 1712.0 6154.0 3 2
1001 G 0 450.0 2813.0 2 2
1002 D 3 1233.0 3859.0 2 2
1003 A 3 764.0 3679.0 2 2
1004 B 3 926.0 3829.0 2 2
1005 I 3 1184.0 3829.0 2 2
1006 H 2 2211.0 2231.0 2 2
1007 C 2 2889.0 9369.0 4 2
1008 J 3 825.0 3827.0 2 2
1009 D 3 1927.0 6951.0 3 2
1010 E 2 1144.0 3233.0 2 2
1011 B 2 1179.0 2934.0 3 2
1012 B 2 2524.0 9194.0 4 2
1013 H 5 847.0 3827.0 2 2
1014 F 5 1027.0 2875.0 1 2
1015 F 2 2027.0 1760.0 1 2
1016 G 4 896.0 3823.0 2 2
1017 J 4 2639.0 10881.0 4 2
1018 G 2 880.0 3067.0 2 2
1019 F 2 892.0 2470.0 1 2
1020 C 2 2690.0 9095.0 4 2
1021 I 4 1815.0 6921.0 3 2
1022 D 2 1343.0 2980.0 3 2
1023 D 2 1562.0 6086.0 3 2
1024 H 2 1054.0 3183.0 2 2
1025 C 2 584.0 2461.0 1 2
1026 A 5 713.0 2855.0 1 2
1027 H 5 2017.0 6916.0 3 2
1028 G 4 808.0 3652.0 2 2
1029 B 0 1216.0 3809.0 2 2
1030 A 2 1340.0 6036.0 3 2
1031 C 0 993.0 3788.0 2 2
1032 H 0 2326.0 10834.0 4 2
1033 G 0 891.0 2796.0 1 2
1034 C 3 1593.0 6883.0 3 2
1035 B 5 375.0 3054.0 2 2
1036 J 2 963.0 3168.0 2 2
1037 C 3 2238.0 6883.0 3 2
1038 H 0 973.0 2223.0 2 2
1039 D 5 1813.0 6848.0 3 2
1040 I 5 1008.0 3784.0 2 2
1041 D 0 1674.0 2034.0 3 2
1042 J 2 2548.0 2223.0 2 2
1043 I 5 832.0 3768.0 2 2
1044 B 2 871.0 2768.0 2 2
1045 G 2 2159.0 8963.0 4 2
1046 C 2 1188.0 3155.0 2 2
1047 H 2 2284.0 1995.0 1 2
1048 E 2 738.0 2542.0 2 2
1049 A 4 1092.0 3764.0 2 2
1050 C 2 3057.0 8898.0 4 2
1051 B 0 1927.0 6825.0 3 2
1052 D 2 2455.0 2174.0 1 2
1053 A 2 2398.0 2068.0 2 2
1054 G 4 965.0 2781.0 1 2
1055 F 2 2916.0 8801.0 4 2
1056 J 4 3130.0 10608.0 4 2
1057 E 2 975.0 3122.0 2 2
1058 B 2 2451.0 2231.0 2 2
1059 F 2 1126.0 3095.0 2 2
1060 F 2 2401.0 2189.0 2 2
1061 J 2 1458.0 5986.0 3 2
1062 D 2 1319.0 3026.0 3 2
1063 A 2 588.0 3470.0 3 2
1064 A 2 2124.0 2016.0 1 2
1065 G 2 991.0 3090.0 2 2
1066 H 2 2612.0 2159.0 2 2
1067 G 2 2094.0 1929.0 1 2
1068 A 2 1369.0 5626.0 4 2
1069 I 2 1060.0 3090.0 2 2
1070 F 2 1334.0 5951.0 3 2
1071 B 2 2364.0 2004.0 2 2
1072 G 4 1062.0 3595.0 2 2
1073 D 2 2366.0 2418.0 2 2
1074 I 5 977.0 2885.0 3 2
1075 J 0 1007.0 3752.0 2 2
1076 G 2 1529.0 5928.0 3 2
1077 I 2 928.0 3082.0 2 2
1078 I 2 2397.0 2189.0 2 2
1079 B 2 850.0 3075.0 2 2
1080 I 2 926.0 3020.0 2 2
1081 A 0 970.0 3751.0 2 2
1082 D 5 1105.0 3730.0 2 2
1083 A 2 802.0 3017.0 2 2
1084 E 2 745.0 3015.0 2 2
1085 A 5 3316.0 10505.0 4 2
1086 C 2 2149.0 1797.0 1 2
1087 D 2 2172.0 8182.0 4 2
1088 E 5 3151.0 10500.0 4 2
1089 D 5 2712.0 10259.0 4 2
1090 A 2 2510.0 2108.0 2 2
1091 B 4 615.0 2518.0 1 2
1092 J 2 2205.0 1750.0 1 2
1093 E 4 1051.0 3719.0 2 2
1094 E 2 989.0 2386.0 2 2
1095 D 0 1178.0 3706.0 2 2
1096 C 0 1613.0 6766.0 3 2
1097 D 5 386.0 3013.0 2 2
1098 H 2 2327.0 2066.0 2 2
1099 C 2 865.0 2537.0 3 2
1100 G 2 2163.0 1840.0 1 2
1101 J 2 442.0 4275.0 3 2
1102 E 0 949.0 3705.0 2 2
1103 H 5 1127.0 4652.0 4 2
1104 C 2 2434.0 2088.0 2 2
1105 F 2 2360.0 2342.0 2 2
1106 C 5 938.0 3703.0 2 2
1107 C 5 1077.0 3691.0 2 2
1108 G 2 1965.0 1840.0 1 2
1109 A 1 4075.0 10014.0 4 1
1110 C 1 2845.0 6593.0 3 1
1111 H 2 2307.0 5919.0 3 1
1112 D 2 1293.0 2870.0 2 1
1113 J 2 1650.0 3529.0 2 1
1114 E 2 971.0 1840.0 1 1
1115 J 0 1404.0 1840.0 2 1
1116 C 2 1888.0 5649.0 3 1
1117 C 2 1266.0 1868.0 1 1
1118 C 2 2319.0 6530.0 3 1
1119 E 0 1189.0 1760.0 1 1
1120 I 2 1863.0 3687.0 2 1
1121 D 2 1322.0 2024.0 2 1
1122 I 5 2396.0 6496.0 3 1
1123 I 4 1669.0 3667.0 2 1
1124 E 4 1752.0 3640.0 2 1
1125 J 2 2644.0 5859.0 3 1
1126 H 2 1581.0 2973.0 2 1
1127 D 5 3089.0 9836.0 4 1
1128 F 5 1838.0 3639.0 2 1
1129 H 5 1576.0 3477.0 2 1
1130 I 2 1564.0 2954.0 2 1
1131 I 2 1910.0 4779.0 3 1
1132 H 5 1620.0 2751.0 1 1
1133 F 2 2484.0 5746.0 3 1
1134 E 2 2090.0 5640.0 3 1
1135 I 5 1301.0 3566.0 3 1
1136 I 3 1991.0 3634.0 2 1
1137 D 2 2925.0 8522.0 4 1
1138 I 4 2441.0 6116.0 3 1
1139 D 5 1681.0 3628.0 2 1
1140 A 2 2617.0 3494.0 3 1
1141 C 2 2114.0 3622.0 2 1
1142 A 2 1686.0 2910.0 2 1
1143 C 2 1472.0 2151.0 2 1
1144 I 5 2543.0 2601.0 4 1
1145 A 2 1448.0 1840.0 2 1
1146 B 2 1599.0 3452.0 2 1
1147 A 2 1334.0 1844.0 1 1
1148 H 2 1729.0 2895.0 2 1
1149 G 2 1010.0 1840.0 2 1
1150 H 2 1937.0 3554.0 3 1
1151 D 2 1816.0 2390.0 2 1
1152 C 2 1866.0 2877.0 2 1
1153 G 2 1226.0 2726.0 2 1
1154 J 5 1932.0 3783.0 3 1
1155 J 2 1216.0 2181.0 2 1
1156 F 5 884.0 2453.0 2 1
1157 G 2 3161.0 8508.0 4 1
1158 H 2 2604.0 6383.0 3 1
1159 A 2 2406.0 6304.0 3 1
1160 E 2 1719.0 3606.0 2 1
1161 A 5 1817.0 3606.0 2 1
1162 G 5 2501.0 6302.0 3 1
1163 G 2 2076.0 2568.0 3 1
1164 C 2 1716.0 2825.0 2 1
1165 E 2 2323.0 5633.0 3 1
1166 F 2 1181.0 1840.0 2 1
1167 F 3 1496.0 2608.0 1 1
1168 H 0 1294.0 1840.0 2 1
1169 I 0 1612.0 1840.0 2 1
1170 G 2 1997.0 5523.0 3 1
1171 I 2 1220.0 1760.0 2 1
1172 A 2 1200.0 2256.0 2 1
1173 D 2 1659.0 2818.0 2 1
1174 B 2 1524.0 2793.0 2 1
1175 H 2 1594.0 2776.0 2 1
1176 G 3 2347.0 6233.0 3 1
1177 D 3 1824.0 3605.0 2 1
1178 F 2 2555.0 3889.0 3 1
1179 A 2 3711.0 9738.0 4 1
1180 G 2 1752.0 2770.0 2 1
1181 G 2 1009.0 2357.0 2 1
1182 E 2 1442.0 1840.0 1 1
1183 H 3 1794.0 3600.0 2 1
1184 G 3 2994.0 9733.0 4 1
1185 I 2 1573.0 2767.0 2 1
1186 I 2 1383.0 2632.0 2 1
1187 D 2 1411.0 2705.0 2 1
1188 H 2 3981.0 9728.0 4 1
1189 C 2 3088.0 7877.0 4 1
1190 E 2 1708.0 2688.0 2 1
1191 G 5 1988.0 3591.0 2 1
1192 D 2 1960.0 3904.0 3 1
1193 G 5 2717.0 6226.0 3 1
1194 D 2 2356.0 5277.0 3 1
1195 G 2 1406.0 2687.0 2 1
1196 C 3 1891.0 3575.0 2 1
1197 G 2 2193.0 4919.0 3 1
1198 I 5 1514.0 1760.0 2 1
1199 I 2 3444.0 7343.0 4 1
1200 C 2 1841.0 4767.0 3 1
1201 D 2 1880.0 4835.0 3 1
1202 C 2 2567.0 6185.0 3 1
1203 D 2 2352.0 4754.0 3 1
1204 D 2 3198.0 9656.0 4 1
1205 G 2 2343.0 4910.0 3 1
1206 I 3 1650.0 3571.0 2 1
1207 J 3 1857.0 3565.0 2 1
1208 J 2 1533.0 2677.0 2 1
1209 A 3 1840.0 3560.0 2 1
1210 G 2 1563.0 2603.0 2 1
1211 C 5 1152.0 1840.0 2 1
1212 C 2 2258.0 4703.0 3 1
1213 H 2 3449.0 7271.0 4 1
1214 D 2 1719.0 2603.0 2 1
1215 G 2 1433.0 2603.0 2 1
1216 E 3 1609.0 3386.0 2 1
1217 J 2 1319.0 2080.0 2 1
1218 G 3 2253.0 6137.0 3 1
1219 A 2 733.0 2074.0 2 1
1220 C 3 2736.0 6034.0 3 1
1221 D 5 1598.0 3530.0 2 1
1222 G 4 1505.0 3523.0 2 1
1223 H 2 1064.0 2217.0 2 1
1224 C 0 1574.0 1840.0 2 1
1225 E 2 2043.0 3359.0 3 1
1226 C 5 1585.0 2004.0 3 1
1227 A 2 2479.0 5995.0 3 1
1228 J 2 1415.0 2432.0 2 1
1229 G 2 3556.0 9587.0 4 1
1230 I 4 1766.0 3511.0 2 1
1231 B 2 2274.0 4674.0 3 1
1232 E 2 1046.0 2340.0 2 1
1233 H 4 1523.0 3508.0 2 1
1234 C 4 3440.0 9520.0 4 1
1235 J 2 1464.0 2241.0 2 1
1236 I 0 1883.0 3501.0 2 1
1237 J 2 1732.0 2476.0 2 1
1238 A 2 1679.0 3023.0 3 1
1239 I 4 1415.0 3336.0 2 1
1240 E 2 1470.0 2584.0 2 1
1241 B 0 2213.0 3896.0 3 1
1242 I 2 1306.0 1760.0 1 1
1243 G 2 2219.0 4623.0 3 1
1244 A 2 1798.0 4486.0 3 1
1245 C 2 1166.0 2463.0 2 1
1246 G 2 1166.0 1966.0 2 1
1247 A 2 1406.0 2523.0 2 1
1248 J 3 2341.0 2141.0 2 3
1249 A 5 822.0 3475.0 2 3
1250 F 3 1258.0 3471.0 2 3
1251 A 3 2155.0 2105.0 2 3
1252 F 3 939.0 3456.0 2 3
1253 B 3 483.0 3106.0 2 3
1254 H 3 1700.0 2408.0 3 3
1255 D 3 914.0 3451.0 2 3
1256 F 3 1032.0 2289.0 2 3
1257 B 3 1043.0 5056.0 3 3
1258 B 3 2230.0 2188.0 2 3
1259 J 3 777.0 3430.0 2 3
1260 B 3 897.0 3394.0 2 3
1261 I 0 788.0 3443.0 2 3
1262 J 3 2611.0 2296.0 2 3
1263 E 0 1280.0 5969.0 3 3
1264 A 3 572.0 2893.0 3 3
1265 I 3 1092.0 2979.0 3 3
1266 A 3 2235.0 9259.0 4 3
1267 D 4 2213.0 9470.0 4 3
1268 G 3 821.0 2990.0 2 3
1269 I 4 1936.0 5947.0 3 3
1270 E 3 2129.0 2419.0 2 3
1271 B 5 750.0 3279.0 2 3
1272 I 3 2597.0 9233.0 4 3
1273 G 4 1663.0 5627.0 3 3
1274 F 3 1988.0 5845.0 3 3
1275 C 0 551.0 4904.0 3 3
1276 B 0 3150.0 9442.0 4 3
1277 A 0 974.0 3271.0 2 3
1278 J 3 1900.0 5806.0 3 3
1279 G 3 1066.0 3341.0 2 3
1280 B 3 1028.0 3188.0 2 3
1281 E 3 2412.0 2278.0 2 3
1282 H 4 834.0 3414.0 2 3
1283 F 3 2580.0 2377.0 2 3
1284 J 3 3138.0 9222.0 4 3
1285 G 2 576.0 2377.0 2 3
1286 H 3 2214.0 2314.0 2 3
1287 D 4 625.0 2726.0 1 3
1288 C 3 754.0 3406.0 3 3
1289 G 3 812.0 3311.0 2 3
1290 E 3 1607.0 6776.0 4 3
1291 D 4 1863.0 5860.0 3 3
1292 G 5 1646.0 5600.0 3 3
1293 F 3 600.0 3280.0 2 3
1294 J 0 1005.0 3411.0 2 3
1295 D 3 994.0 3210.0 2 3
1296 H 3 2418.0 8599.0 4 3
1297 J 0 1071.0 3410.0 2 3
1298 H 3 2138.0 8549.0 4 3
1299 G 3 1148.0 3174.0 2 3
1300 D 3 1046.0 3148.0 2 3
1301 I 3 1168.0 2442.0 3 3
1302 F 3 2750.0 8810.0 4 3
1303 B 3 847.0 3631.0 3 3
1304 D 3 1380.0 2876.0 3 3
1305 H 0 973.0 3405.0 2 3
1306 C 4 1397.0 5829.0 3 3
1307 C 3 744.0 2710.0 1 3
1308 I 3 2296.0 1840.0 1 3
1309 G 3 2276.0 1750.0 1 3
1310 A 3 853.0 2873.0 2 3
1311 B 4 950.0 3397.0 2 3
1312 F 3 954.0 3113.0 2 3
1313 G 3 462.0 3045.0 2 3
1314 J 3 2394.0 2066.0 2 3
1315 H 3 558.0 3094.0 2 3
1316 H 3 1528.0 2502.0 4 3
1317 C 3 1030.0 3062.0 2 3
1318 G 3 1712.0 7046.0 4 3
1319 A 3 1170.0 5804.0 3 3
1320 J 3 587.0 3048.0 2 3
1321 H 3 1030.0 3047.0 2 3
1322 J 4 1575.0 5731.0 3 3
1323 D 3 2356.0 1760.0 1 3
1324 B 5 933.0 3230.0 2 3
1325 G 0 880.0 3361.0 2 3
1326 E 0 1483.0 5723.0 3 3
1327 F 3 2043.0 8782.0 4 3
1328 H 3 427.0 2676.0 1 3
1329 E 3 2337.0 2292.0 2 3
1330 G 3 2498.0 2348.0 2 3
1331 J 3 2183.0 2027.0 2 3
1332 E 0 810.0 3358.0 2 3
1333 F 5 450.0 2553.0 1 3
1334 A 3 385.0 2510.0 1 3
1335 C 5 796.0 3206.0 2 3
1336 E 3 2143.0 8564.0 4 3
1337 E 3 869.0 3777.0 3 3
1338 G 3 1328.0 5517.0 3 3
1339 A 4 1824.0 5707.0 3 3
1340 D 0 1007.0 3338.0 2 3
1341 J 3 1136.0 3632.0 3 3
1342 E 0 794.0 2394.0 2 3
1343 B 3 2368.0 2165.0 2 3
1344 A 3 916.0 4978.0 3 3
1345 E 4 913.0 3337.0 2 3
1346 H 3 1018.0 4022.0 3 3
1347 C 3 870.0 3025.0 2 3
1348 F 3 2309.0 8485.0 4 3
1349 B 4 946.0 3318.0 2 3
1350 H 3 605.0 2987.0 2 3
1351 D 3 3104.0 8422.0 4 3
1352 G 5 2261.0 9431.0 4 3
1353 G 3 1479.0 3157.0 4 3
1354 G 0 2329.0 9359.0 4 3
1355 G 0 1628.0 5690.0 3 3
1356 B 3 2334.0 2198.0 2 3
1357 F 0 1888.0 3618.0 3 3
1358 F 3 2362.0 2232.0 1 3
1359 C 3 2528.0 2090.0 2 3
1360 J 0 863.0 3272.0 2 3
1361 A 3 1280.0 2669.0 3 3
1362 J 3 452.0 2695.0 2 3
1363 D 5 860.0 3272.0 2 3
1364 I 3 1979.0 1840.0 1 3
1365 G 4 789.0 3252.0 2 3
1366 A 1 2390.0 4085.0 3 3
1367 E 3 1403.0 5414.0 3 3
1368 C 4 1262.0 5651.0 3 3
1369 E 4 499.0 3093.0 2 3
1370 J 4 988.0 3221.0 2 3
1371 E 4 913.0 3208.0 2 3
1372 C 3 2154.0 2134.0 2 2
1373 E 3 894.0 2974.0 2 2
1374 I 3 2279.0 1760.0 1 2
1375 E 3 2818.0 8355.0 4 2
1376 D 3 815.0 2959.0 2 2
1377 J 5 834.0 2928.0 2 2
1378 I 3 1387.0 5375.0 3 2
1379 D 3 2213.0 2292.0 2 2
1380 H 3 861.0 3572.0 3 2
1381 E 3 1456.0 7954.0 4 2
1382 F 5 2073.0 9167.0 4 2
1383 J 5 762.0 3206.0 2 2
1384 F 3 2317.0 2231.0 2 2
1385 H 3 679.0 2952.0 2 2
1386 F 3 521.0 2942.0 2 2
1387 J 0 973.0 3063.0 2 2
1388 G 3 754.0 2765.0 2 2
1389 D 3 1439.0 4965.0 3 2
1390 J 4 828.0 3202.0 2 2
1391 D 3 718.0 2920.0 2 2
1392 I 3 647.0 2910.0 2 2
1393 I 3 2213.0 1840.0 2 2
1394 G 3 2438.0 2068.0 2 2
1395 G 3 899.0 2901.0 2 2
1396 J 3 1780.0 5339.0 3 2
1397 D 0 565.0 5059.0 4 2
1398 J 3 2079.0 1812.0 1 2
1399 A 4 1487.0 2908.0 4 2
1400 D 3 1320.0 2884.0 3 2
1401 H 4 884.0 3194.0 2 2
1402 I 3 2277.0 2117.0 2 2
1403 I 3 567.0 2886.0 2 2
1404 C 3 2226.0 2405.0 2 2
1405 A 3 1252.0 5143.0 3 2
1406 B 4 575.0 3055.0 2 2
1407 J 3 1806.0 5079.0 3 2
1408 A 4 331.0 2405.0 1 2
1409 I 0 2003.0 5650.0 3 2
1410 B 0 690.0 3188.0 2 2
1411 G 3 2195.0 2264.0 2 2
1412 A 0 933.0 3167.0 2 2
1413 B 3 1476.0 5004.0 3 2
1414 J 0 1088.0 3141.0 2 2
1415 F 4 683.0 2995.0 2 2
1416 A 3 2374.0 2027.0 2 2
1417 A 4 662.0 3500.0 3 2
1418 C 3 793.0 2884.0 2 2
1419 A 3 2456.0 2274.0 2 2
1420 A 3 2219.0 2164.0 2 2
1421 H 3 2306.0 2094.0 2 2
1422 C 4 843.0 3115.0 2 2
1423 I 4 1105.0 5357.0 3 2
1424 H 3 2023.0 4551.0 4 2
1425 B 3 643.0 2754.0 2 2
1426 B 3 2473.0 2258.0 2 2
1427 G 3 784.0 2794.0 2 2
1428 C 1 1753.0 5592.0 3 2
1429 E 3 807.0 4901.0 3 2
1430 B 3 2169.0 2189.0 2 2
1431 J 5 256.0 2399.0 1 2
1432 A 3 820.0 2788.0 2 2
1433 I 5 3034.0 8929.0 4 2
1434 E 3 1443.0 4994.0 3 2
1435 G 5 2895.0 8904.0 4 2
1436 F 0 2448.0 8895.0 4 2
1437 I 4 562.0 2623.0 1 2
1438 D 3 2420.0 1760.0 1 2
1439 J 4 967.0 3110.0 2 2
1440 C 3 2411.0 1750.0 1 2
1441 B 3 2427.0 2066.0 2 2
1442 F 0 625.0 2362.0 2 2
1443 I 4 982.0 3092.0 2 2
1444 B 3 1157.0 4946.0 3 2
1445 E 3 1668.0 4871.0 3 2
1446 J 4 3016.0 8485.0 4 2
1447 A 4 794.0 2505.0 2 2
1448 I 3 485.0 2783.0 2 2
1449 I 4 1287.0 5592.0 3 2
1450 I 4 478.0 5072.0 4 2
1451 E 3 613.0 2736.0 2 2
1452 E 0 1090.0 3073.0 2 2
1453 B 5 944.0 3072.0 2 2
1454 B 5 712.0 3066.0 2 2
1455 D 3 1668.0 4859.0 3 2
1456 I 1 1075.0 3066.0 2 2
1457 E 1 1763.0 5579.0 3 2
1458 B 3 1521.0 4771.0 3 2
1459 H 2 1620.0 5566.0 3 2
1460 B 3 735.0 2698.0 2 2
1461 F 0 2852.0 8857.0 4 2
1462 D 0 842.0 3049.0 2 2
1463 F 2 1147.0 3043.0 2 2
1464 B 3 583.0 2697.0 2 2
1465 D 3 1008.0 4065.0 2 2
1466 C 3 1415.0 4741.0 3 2
1467 D 2 1917.0 5556.0 3 2
1468 A 3 2167.0 2305.0 2 2
1469 H 1 1001.0 3043.0 2 2
1470 A 3 996.0 4641.0 3 2
1471 G 3 703.0 3574.0 3 2
1472 I 1 665.0 3032.0 2 2
1473 C 1 2748.0 8750.0 4 2
1474 G 1 1558.0 5554.0 3 2
1475 I 2 928.0 3028.0 2 2
1476 B 3 2427.0 2305.0 2 2
1477 G 4 918.0 3022.0 2 2
1478 I 3 2476.0 2376.0 2 2
1479 B 4 2679.0 8718.0 4 2
1480 J 4 1286.0 5478.0 3 2
1481 C 3 2218.0 1840.0 1 2
1482 H 3 1745.0 4628.0 3 2
1483 I 4 1938.0 5447.0 3 2
1484 F 3 2357.0 2159.0 2 2
1485 C 5 867.0 2881.0 2 2
1486 C 5 1632.0 5412.0 3 2
1487 I 3 2357.0 2130.0 2 2
1488 F 3 535.0 2687.0 2 2
1489 E 0 527.0 2611.0 1 2
1490 J 0 657.0 3000.0 2 2
1491 H 3 1289.0 4614.0 3 2
1492 H 0 1292.0 5382.0 3 2
1493 F 3 732.0 2673.0 2 2
1494 F 0 1021.0 2989.0 2 2
1495 C 3 387.0 2668.0 2 2
1496 J 0 1535.0 5374.0 3 2
1497 A 3 844.0 2657.0 2 2
1498 G 0 747.0 2988.0 2 2
1499 D 3 1255.0 4612.0 3 2
1500 B 0 2068.0 5356.0 3 2
1501 I 3 1981.0 8065.0 4 2
1502 C 0 923.0 2548.0 2 2
1503 H 3 944.0 4330.0 3 2
1504 B 3 959.0 4226.0 3 2
1505 C 3 1358.0 4311.0 3 2
1506 C 5 832.0 2431.0 2 2
1507 E 4 980.0 2511.0 2 2
1508 B 3 2538.0 2274.0 2 2
1509 H 3 2285.0 2160.0 2 2
1510 A 3 1103.0 4297.0 3 2
1511 F 2 886.0 2970.0 2 2
1512 A 0 2060.0 8696.0 4 2
1513 E 5 1604.0 5312.0 3 2
1514 F 1 904.0 2963.0 2 2
1515 F 3 2573.0 1984.0 2 2
1516 I 3 2153.0 2322.0 2 2
1517 B 1 1271.0 5283.0 3 2
1518 B 3 2185.0 2378.0 2 2
1519 I 3 2262.0 1760.0 1 2
1520 J 3 1739.0 8005.0 4 2
1521 C 3 2264.0 7924.0 4 2
1522 C 1 816.0 2394.0 1 2
1523 I 4 1094.0 2959.0 2 2
1524 C 4 703.0 2951.0 2 2
1525 E 3 1776.0 2541.0 2 1
1526 D 0 2627.0 8626.0 4 1
1527 H 3 2615.0 4291.0 3 1
1528 D 0 1266.0 1840.0 2 1
1529 E 0 1164.0 2214.0 1 1
1530 G 4 1415.0 2948.0 2 1
1531 E 3 1116.0 1840.0 2 1
1532 C 3 1642.0 2535.0 2 1
1533 I 0 3107.0 8333.0 4 1
1534 F 4 865.0 1861.0 2 1
1535 I 3 1764.0 2530.0 2 1
1536 E 3 1680.0 2509.0 2 1
1537 F 3 1283.0 2302.0 2 1
1538 G 4 2375.0 5267.0 3 1
1539 J 4 800.0 2384.0 2 1
1540 H 3 1387.0 1760.0 2 1
1541 I 3 2763.0 2895.0 3 1
1542 B 3 1346.0 2290.0 2 1
1543 F 3 2459.0 5232.0 3 1
1544 B 3 1866.0 2943.0 2 1
1545 A 3 3160.0 3789.0 4 1
1546 E 3 1964.0 4288.0 3 1
1547 C 3 1407.0 2492.0 2 1
1548 F 3 2798.0 5872.0 4 1
1549 E 3 2199.0 1840.0 3 1
1550 D 3 1051.0 1840.0 2 1
1551 I 3 1986.0 1840.0 3 1
1552 D 3 2150.0 2935.0 2 1
1553 D 3 1254.0 1840.0 2 1
1554 F 3 1136.0 1864.0 2 1
1555 J 3 1530.0 1910.0 3 1
1556 C 3 1196.0 1840.0 2 1
1557 C 3 1698.0 2488.0 2 1
1558 J 3 3877.0 8271.0 4 1
1559 B 3 1552.0 1840.0 2 1
1560 I 3 1365.0 1840.0 2 1
1561 D 3 1961.0 2935.0 2 1
1562 H 3 1332.0 2486.0 2 1
1563 B 3 1553.0 2461.0 2 1
1564 G 4 1342.0 1840.0 2 1
1565 E 3 1492.0 2453.0 2 1
1566 J 3 1287.0 1929.0 1 1
1567 A 3 2751.0 5229.0 3 1
1568 J 5 2954.0 8247.0 4 1
1569 I 5 1716.0 2934.0 2 1
1570 C 3 1674.0 3558.0 3 1
1571 F 3 2287.0 2931.0 4 1
1572 D 3 2334.0 4135.0 3 1
1573 G 3 1638.0 2928.0 2 1
1574 A 3 1073.0 1840.0 1 1
1575 B 3 2127.0 2923.0 2 1
1576 I 3 1559.0 2443.0 2 1
1577 A 3 2360.0 4216.0 3 1
1578 B 3 1055.0 1760.0 1 1
1579 I 3 1229.0 2416.0 2 1
1580 F 3 2452.0 5168.0 3 1
1581 G 3 3928.0 8172.0 4 1
1582 H 3 1375.0 1914.0 2 1
1583 E 3 2342.0 4027.0 3 1
1584 E 3 1299.0 2413.0 2 1
1585 F 0 2172.0 5148.0 3 1
1586 H 0 1753.0 2914.0 2 1
1587 E 3 3198.0 7802.0 4 1
1588 D 3 964.0 1840.0 2 1
1589 B 3 1180.0 1840.0 2 1
1590 B 0 1326.0 2379.0 3 1
1591 C 3 1129.0 1840.0 2 1
1592 G 0 2533.0 5132.0 3 1
1593 D 3 1543.0 2403.0 2 1
1594 A 0 3116.0 8167.0 4 1
1595 B 3 1330.0 2402.0 2 1
1596 J 3 1322.0 2379.0 2 1
1597 F 3 1274.0 2334.0 2 1
1598 E 3 1451.0 2327.0 2 1
1599 H 3 1648.0 2323.0 2 1
1600 C 3 2277.0 3871.0 3 1
1601 A 4 1826.0 2910.0 2 1
1602 B 4 1433.0 1840.0 2 1
1603 B 4 3255.0 8083.0 4 1
1604 C 5 2136.0 5120.0 3 1
1605 G 3 1477.0 1760.0 2 1
1606 A 5 3269.0 8018.0 4 1
1607 G 0 3887.0 7932.0 4 1
1608 F 3 1153.0 1840.0 2 1
1609 J 0 1297.0 2211.0 1 1
1610 F 0 2198.0 2764.0 3 1
1611 B 0 2168.0 5119.0 3 1
1612 A 3 1215.0 2291.0 2 1
1613 J 3 2408.0 3817.0 3 1
1614 C 3 1003.0 1840.0 2 1
1615 J 3 3339.0 7620.0 4 1
1616 D 3 1062.0 1840.0 1 1
1617 C 3 1102.0 2278.0 2 1
1618 A 3 1306.0 2264.0 2 1
1619 H 4 2070.0 2636.0 3 1
1620 B 3 2653.0 7585.0 4 1
1621 A 3 1861.0 1840.0 3 1
1622 B 3 2092.0 3804.0 3 1
1623 E 3 1865.0 2909.0 2 1
1624 C 3 1369.0 1840.0 2 1
1625 I 3 1606.0 2904.0 2 1
1626 J 3 1345.0 2258.0 2 1
1627 C 0 1891.0 2900.0 2 1
1628 A 3 1574.0 3792.0 3 1
1629 A 3 1988.0 3788.0 3 1
1630 F 3 2446.0 3368.0 3 1
1631 J 3 1945.0 2889.0 2 1
1632 A 4 801.0 1975.0 2 1
1633 J 3 1604.0 2888.0 2 1
1634 E 3 1537.0 2258.0 2 1
1635 E 3 1279.0 1840.0 2 1
1636 B 4 932.0 1840.0 2 1
1637 I 0 1616.0 2884.0 2 1
1638 D 3 3386.0 7541.0 4 1
1639 J 0 1882.0 2880.0 2 1
1640 A 0 1405.0 2034.0 1 1
1641 F 3 3243.0 5718.0 4 1
1642 A 3 1329.0 2237.0 2 1
1643 D 3 1319.0 2212.0 2 1
1644 E 3 1674.0 2031.0 1 1
1645 D 3 1029.0 1840.0 1 1
1646 I 3 1099.0 2202.0 2 1
1647 D 2 1499.0 1840.0 3 1
1648 B 3 1966.0 2873.0 2 1
1649 D 0 1880.0 2869.0 2 1
1650 J 3 1007.0 2181.0 2 1
1651 J 3 2501.0 7470.0 4 1
1652 D 3 3236.0 7453.0 4 1
1653 D 4 1024.0 1840.0 1 1
1654 D 0 2827.0 7900.0 4 1
1655 G 3 1972.0 3447.0 3 1
1656 I 3 979.0 1840.0 2 1
1657 H 2 1392.0 1760.0 2 1
1658 G 3 1066.0 2042.0 2 1
1659 C 0 1540.0 2869.0 2 1
1660 C 3 873.0 1760.0 2 1
1661 I 3 954.0 2169.0 2 1
1662 B 0 2912.0 5816.0 4 1
1663 A 0 966.0 2742.0 2 1
1664 C 4 2254.0 2161.0 2 3
1665 D 4 2045.0 2388.0 2 3
1666 E 0 1065.0 2858.0 2 3
1667 A 4 758.0 2857.0 2 3
1668 G 4 545.0 2857.0 2 3
1669 I 4 1042.0 2853.0 2 3
1670 A 4 494.0 2844.0 2 3
1671 G 3 1758.0 5463.0 4 3
1672 J 4 2358.0 2141.0 2 3
1673 H 4 2022.0 6250.0 3 3
1674 C 4 1665.0 5117.0 3 3
1675 I 4 2508.0 2205.0 2 3
1676 B 5 939.0 2855.0 2 3
1677 B 4 707.0 2840.0 2 3
1678 E 2 2374.0 7831.0 4 3
1679 B 2 704.0 2839.0 2 3
1680 E 2 1768.0 7812.0 4 3
1681 G 4 777.0 2774.0 2 3
1682 A 4 1415.0 4640.0 3 3
1683 A 4 2149.0 1840.0 1 3
1684 B 4 575.0 2835.0 2 3
1685 B 1 1202.0 5081.0 3 3
1686 C 5 872.0 2835.0 2 3
1687 D 4 2401.0 2320.0 2 3
1688 A 3 955.0 2822.0 3 3
1689 H 4 896.0 2818.0 2 3
1690 J 4 2022.0 1880.0 2 3
1691 C 4 2061.0 2092.0 1 3
1692 F 5 830.0 2834.0 2 3
1693 G 4 2166.0 1975.0 1 3
1694 A 4 2453.0 1840.0 2 3
1695 F 4 1681.0 6663.0 4 3
1696 C 4 2145.0 1916.0 2 3
1697 I 4 1406.0 4703.0 3 3
1698 D 4 1943.0 1968.0 1 3
1699 F 4 1759.0 5060.0 3 3
1700 J 4 637.0 2774.0 2 3
1701 G 5 513.0 2834.0 2 3
1702 C 4 429.0 2530.0 2 3
1703 H 3 989.0 3468.0 3 3
1704 H 4 1933.0 1750.0 1 3
1705 C 2 698.0 2422.0 2 3
1706 A 4 1404.0 2904.0 3 3
1707 B 4 2523.0 2111.0 2 3
1708 G 4 852.0 3442.0 3 3
1709 B 2 510.0 2831.0 2 3
1710 B 4 824.0 2764.0 2 3
1711 H 4 1575.0 5028.0 3 3
1712 H 2 1304.0 5050.0 3 3
1713 H 4 2079.0 7731.0 4 3
1714 J 2 1263.0 5046.0 3 3
1715 C 2 1253.0 5037.0 3 3
1716 F 2 2209.0 7793.0 4 3
1717 F 4 2046.0 1680.0 1 3
1718 A 4 1903.0 1840.0 1 3
1719 B 4 1753.0 5019.0 3 3
1720 J 2 505.0 2824.0 2 3
1721 F 4 1944.0 1760.0 1 3
1722 C 1 803.0 2823.0 2 3
1723 A 4 481.0 2736.0 2 3
1724 C 4 2497.0 2249.0 2 3
1725 F 4 2814.0 7674.0 4 3
1726 J 4 640.0 2601.0 2 3
1727 F 4 2146.0 2239.0 2 3
1728 J 4 2270.0 2389.0 2 3
1729 H 4 962.0 5014.0 3 3
1730 H 1 778.0 2815.0 2 3
1731 C 4 2174.0 2298.0 2 3
1732 H 1 2965.0 7765.0 4 3
1733 C 4 2394.0 2288.0 2 3
1734 A 4 427.0 2716.0 2 3
1735 G 1 2187.0 7689.0 4 3
1736 C 5 1108.0 5022.0 3 3
1737 A 4 849.0 2672.0 2 3
1738 A 5 782.0 2813.0 2 3
1739 A 0 385.0 2426.0 2 3
1740 F 0 1454.0 5019.0 3 3
1741 D 4 2017.0 2231.0 2 3
1742 D 4 384.0 2656.0 2 3
1743 F 4 792.0 3287.0 3 3
1744 H 4 2302.0 1840.0 1 3
1745 B 4 999.0 3497.0 3 3
1746 F 4 1493.0 4946.0 3 3
1747 I 4 568.0 2653.0 2 3
1748 E 4 618.0 2635.0 2 3
1749 F 4 504.0 2627.0 2 3
1750 I 4 1401.0 2573.0 3 3
1751 D 4 1916.0 4527.0 4 3
1752 E 0 549.0 2804.0 2 3
1753 J 4 711.0 2622.0 2 3
1754 H 4 2011.0 1903.0 2 3
1755 A 4 460.0 2491.0 2 3
1756 H 1 385.0 2487.0 2 3
1757 C 4 578.0 2597.0 2 3
1758 H 4 1457.0 4900.0 3 3
1759 C 4 1118.0 4840.0 3 3
1760 G 4 1674.0 7666.0 4 3
1761 E 4 1910.0 2012.0 1 3
1762 B 4 980.0 4839.0 3 3
1763 G 4 711.0 2579.0 2 3
1764 E 4 1273.0 3026.0 3 3
1765 F 1 822.0 2443.0 2 3
1766 E 4 2050.0 2210.0 2 3
1767 G 4 2504.0 2296.0 2 3
1768 C 1 608.0 6333.0 3 3
1769 A 4 2417.0 7653.0 4 3
1770 D 4 2259.0 2117.0 2 3
1771 E 4 551.0 2535.0 2 3
1772 A 1 1454.0 4983.0 3 3
1773 G 2 584.0 2801.0 2 3
1774 J 2 1843.0 7604.0 4 3
1775 G 4 2429.0 5959.0 4 3
1776 E 2 524.0 2789.0 2 3
1777 F 4 1200.0 4789.0 3 3
1778 C 4 2113.0 2409.0 2 3
1779 E 4 1180.0 4781.0 3 3
1780 J 4 1662.0 4771.0 3 3
1781 F 0 588.0 2504.0 2 3
1782 I 0 893.0 2498.0 2 3
1783 H 0 908.0 2493.0 2 3
1784 D 4 1335.0 4172.0 4 3
1785 D 5 812.0 2487.0 2 3
1786 D 4 2212.0 1760.0 1 3
1787 H 4 1245.0 4730.0 3 3
1788 D 0 859.0 2485.0 2 2
1789 H 4 2417.0 2044.0 1 2
1790 B 4 1717.0 4688.0 3 2
1791 A 5 468.0 2662.0 2 2
1792 D 5 707.0 2776.0 2 2
1793 F 5 1990.0 7566.0 4 2
1794 D 1 2539.0 3640.0 3 2
1795 H 4 2422.0 2137.0 2 2
1796 B 0 896.0 2472.0 2 2
1797 I 4 1111.0 3382.0 3 2
1798 J 4 2584.0 1977.0 2 2
1799 C 5 1446.0 4978.0 3 2
1800 B 4 2442.0 1840.0 2 2
1801 H 4 1999.0 1840.0 1 2
1802 A 1 649.0 2466.0 2 2
1803 I 2 662.0 2769.0 2 2
1804 A 4 2178.0 2178.0 2 2
1805 A 3 862.0 3536.0 4 2
1806 C 1 1725.0 4951.0 3 2
1807 I 4 2260.0 2080.0 2 2
1808 I 4 895.0 3959.0 3 2
1809 D 4 2247.0 2392.0 2 2
1810 D 4 853.0 3365.0 3 2
1811 A 4 1921.0 4197.0 4 2
1812 B 4 1667.0 4627.0 3 2
1813 E 4 2554.0 2166.0 2 2
1814 H 4 1795.0 4568.0 3 2
1815 G 0 762.0 2757.0 2 2
1816 F 2 982.0 2449.0 2 2
1817 A 4 2432.0 2017.0 1 2
1818 J 2 919.0 2754.0 2 2
1819 E 2 556.0 2448.0 2 2
1820 G 2 800.0 2744.0 2 2
1821 G 4 2351.0 3433.0 4 2
1822 G 2 929.0 2744.0 2 2
1823 D 0 1932.0 7562.0 4 2
1824 B 4 2253.0 2333.0 2 2
1825 C 4 2140.0 1840.0 1 2
1826 H 4 2327.0 2189.0 2 2
1827 G 4 2363.0 1975.0 1 2
1828 C 3 632.0 4051.0 3 2
1829 E 0 1921.0 7548.0 4 2
1830 A 4 1415.0 4536.0 3 2
1831 I 4 2097.0 1840.0 1 2
1832 B 0 273.0 2490.0 2 2
1833 C 2 998.0 2719.0 2 2
1834 D 4 1783.0 4524.0 3 2
1835 H 0 569.0 2719.0 2 2
1836 J 4 2644.0 2424.0 2 2
1837 D 4 2218.0 2231.0 2 2
1838 D 5 3055.0 7482.0 4 2
1839 F 4 2536.0 2375.0 2 2
1840 G 0 653.0 2709.0 2 2
1841 J 4 2274.0 1975.0 1 2
1842 J 4 2423.0 2305.0 2 2
1843 D 4 2399.0 2351.0 2 2
1844 A 4 2154.0 2385.0 2 2
1845 I 4 2344.0 1760.0 1 2
1846 J 4 2287.0 2340.0 2 2
1847 J 1 835.0 2708.0 2 2
1848 A 4 2303.0 2231.0 2 2
1849 G 4 1729.0 3755.0 3 2
1850 C 4 1895.0 7439.0 4 2
1851 J 2 976.0 2707.0 2 2
1852 J 4 2473.0 2409.0 2 2
1853 F 4 2281.0 2305.0 2 2
1854 F 4 2638.0 2189.0 2 2
1855 E 4 2091.0 3403.0 3 2
1856 D 4 2472.0 7345.0 4 2
1857 A 4 2152.0 7246.0 4 2
1858 I 4 1125.0 4453.0 3 2
1859 B 4 2340.0 2077.0 2 2
1860 F 4 2258.0 1840.0 2 2
1861 I 4 2105.0 1975.0 1 2
1862 E 4 2504.0 2409.0 2 2
1863 G 4 2484.0 2112.0 2 2
1864 C 4 832.0 2688.0 3 2
1865 B 4 716.0 2912.0 3 2
1866 J 2 1491.0 4926.0 3 2
1867 I 3 1964.0 3571.0 3 2
1868 B 4 2290.0 2210.0 2 2
1869 B 2 2657.0 7361.0 4 2
1870 B 5 2527.0 7290.0 4 2
1871 C 4 2283.0 1840.0 2 2
1872 G 4 2032.0 1840.0 1 2
1873 A 4 1529.0 4449.0 3 2
1874 E 5 1006.0 2697.0 2 2
1875 A 4 2273.0 2409.0 2 2
1876 E 4 1546.0 2712.0 3 2
1877 E 4 2507.0 2321.0 2 2
1878 B 5 660.0 2670.0 2 2
1879 G 4 2233.0 2267.0 2 2
1880 H 4 2530.0 2153.0 2 2
1881 E 4 2579.0 2183.0 2 2
1882 E 4 2519.0 2228.0 2 2
1883 C 4 2092.0 1922.0 1 2
1884 E 4 2354.0 1680.0 1 2
1885 C 4 2389.0 1840.0 1 2
1886 I 4 1247.0 6911.0 4 2
1887 G 4 2109.0 7223.0 4 2
1888 B 4 2539.0 2128.0 2 2
1889 C 4 1926.0 3627.0 3 2
1890 E 4 1298.0 4416.0 3 2
1891 F 4 1730.0 3783.0 3 2
1892 E 4 2177.0 2261.0 2 2
1893 G 5 532.0 2664.0 2 2
1894 D 4 648.0 3873.0 3 2
1895 D 4 2350.0 2231.0 2 2
1896 J 4 2472.0 1840.0 2 2
1897 D 4 2508.0 1977.0 2 2
1898 A 4 1155.0 4321.0 3 2
1899 G 4 2575.0 2214.0 2 2
1900 E 4 2521.0 6929.0 4 2
1901 I 4 2553.0 2165.0 2 2
1902 C 4 544.0 3333.0 3 2
1903 I 4 2325.0 1975.0 1 2
1904 B 4 2712.0 6917.0 4 2
1905 F 4 2201.0 1760.0 1 2
1906 E 5 690.0 2659.0 2 2
1907 H 4 2616.0 2405.0 2 2
1908 C 4 2525.0 2060.0 2 2
1909 I 4 2189.0 2198.0 2 2
1910 G 4 2151.0 2409.0 2 2
1911 I 5 660.0 2657.0 2 2
1912 C 5 811.0 2655.0 2 2
1913 I 4 1407.0 4187.0 3 2
1914 J 4 1376.0 3991.0 4 2
1915 C 0 1771.0 7235.0 4 2
1916 B 4 1106.0 4149.0 3 2
1917 I 4 2291.0 2285.0 2 2
1918 E 4 2401.0 2128.0 2 2
1919 A 4 1553.0 4089.0 3 2
1920 C 4 2623.0 2231.0 2 2
1921 G 4 2227.0 2426.0 2 2
1922 J 4 2333.0 2231.0 2 2
1923 H 2 664.0 2640.0 2 2
1924 A 4 1506.0 4085.0 3 2
1925 D 4 2212.0 2409.0 2 2
1926 J 2 2845.0 7234.0 4 2
1927 G 4 2075.0 1840.0 1 2
1928 I 4 2419.0 1991.0 1 2
1929 B 0 2378.0 3771.0 3 2
1930 H 4 2364.0 2409.0 2 2
1931 G 4 2416.0 2231.0 2 2
1932 G 4 2595.0 2002.0 2 2
1933 G 4 2441.0 2301.0 2 2
1934 J 2 780.0 2631.0 2 2
1935 C 4 2134.0 1680.0 1 2
1936 D 4 2217.0 2134.0 2 2
1937 D 4 2250.0 1750.0 1 2
1938 H 2 996.0 2627.0 2 2
1939 I 5 737.0 2624.0 2 2
1940 B 4 2173.0 1840.0 1 2
1941 F 4 2053.0 4068.0 3 1
1942 B 4 1472.0 1840.0 2 1
1943 H 4 1152.0 1840.0 2 1
1944 C 0 1232.0 1760.0 1 1
1945 H 4 1898.0 4013.0 3 1
1946 J 4 1714.0 3424.0 3 1
1947 F 4 2299.0 4924.0 3 1
1948 H 0 2332.0 4839.0 3 1
1949 C 5 1658.0 2622.0 2 1
1950 B 0 1240.0 1840.0 1 1
1951 G 4 1825.0 4001.0 3 1
1952 D 3 1305.0 1840.0 2 1
1953 F 4 1676.0 2126.0 2 1
1954 H 4 2162.0 1840.0 3 1
1955 A 4 1598.0 2020.0 2 1
1956 B 4 966.0 1840.0 2 1
1957 D 4 1373.0 1840.0 2 1
1958 E 0 2112.0 4806.0 3 1
1959 A 4 1310.0 1914.0 3 1
1960 C 5 3059.0 7206.0 4 1
1961 G 5 1786.0 2619.0 2 1
1962 D 4 1299.0 1840.0 2 1
1963 G 5 1396.0 2613.0 2 1
1964 J 4 985.0 1840.0 2 1
1965 D 4 3549.0 5741.0 4 1
1966 F 4 3778.0 7192.0 4 1
1967 C 4 1706.0 2099.0 3 1
1968 G 4 1327.0 2106.0 2 1
1969 E 4 2005.0 2609.0 2 1
1970 H 4 1330.0 2013.0 2 1
1971 E 4 1344.0 2001.0 2 1
1972 A 4 1877.0 3803.0 3 1
1973 B 4 1346.0 1840.0 1 1
1974 J 3 1039.0 1840.0 2 1
1975 C 4 1234.0 1885.0 2 1
1976 E 4 1302.0 1840.0 1 1
1977 H 4 1964.0 2597.0 2 1
1978 H 0 1605.0 2484.0 2 1
1979 H 4 1188.0 1840.0 2 1
1980 C 0 1462.0 2594.0 2 1
1981 E 4 2334.0 3895.0 3 1
1982 E 4 3292.0 6699.0 4 1
1983 B 4 1935.0 2910.0 3 1
1984 G 4 1369.0 1840.0 2 1
1985 B 4 1846.0 2594.0 2 1
1986 A 4 2225.0 4717.0 3 1
1987 E 4 2764.0 3469.0 3 1
1988 H 4 874.0 1760.0 2 1
1989 C 4 2823.0 4672.0 3 1
1990 G 4 1366.0 2074.0 2 1
1991 I 4 1959.0 2588.0 2 1
1992 H 4 1275.0 2052.0 2 1
1993 D 5 1966.0 4668.0 3 1
1994 I 4 1257.0 2013.0 2 1
1995 G 4 2337.0 3806.0 3 1
1996 G 5 1319.0 1840.0 1 1
1997 C 0 1740.0 2588.0 2 1
1998 C 0 3569.0 7164.0 4 1
1999 B 4 2621.0 6664.0 4 1
2000 F 0 2535.0 4638.0 3 1
2001 B 4 1159.0 1840.0 2 1
2002 D 5 1461.0 2588.0 2 1
2003 D 4 882.0 1840.0 2 1
2004 C 4 1380.0 1840.0 1 1
2005 H 0 1504.0 2582.0 2 1
2006 B 4 1317.0 1840.0 2 1
2007 C 5 1445.0 1840.0 1 1
2008 C 4 1663.0 2532.0 3 1
2009 G 0 1453.0 2582.0 2 1
2010 F 4 1661.0 2133.0 3 1
2011 J 4 1176.0 1840.0 2 1
2012 B 4 1610.0 2009.0 2 1
2013 G 4 1583.0 2003.0 2 1
2014 H 4 1474.0 1995.0 2 1
2015 E 0 2294.0 4625.0 3 1
2016 J 0 2877.0 7118.0 4 1
2017 B 4 3139.0 6478.0 4 1
2018 I 4 2510.0 2750.0 3 1
2019 E 4 2535.0 2927.0 4 1
2020 D 4 2161.0 2581.0 2 1
2021 E 4 2070.0 3792.0 3 1
2022 C 4 1135.0 1907.0 2 1
2023 H 4 1348.0 1989.0 2 1
2024 F 4 1133.0 1840.0 2 1
2025 H 4 3041.0 4615.0 3 1
2026 D 4 2134.0 2572.0 2 1
2027 D 4 3592.0 6048.0 4 1
2028 E 3 851.0 1760.0 1 1
2029 C 4 1991.0 2568.0 2 1
2030 A 4 2145.0 2562.0 2 1
2031 E 4 1790.0 1840.0 1 1
2032 I 2 1519.0 1760.0 1 1
2033 C 4 2292.0 4559.0 3 1
2034 G 3 900.0 1840.0 2 1
2035 A 4 1633.0 1959.0 2 1
2036 C 4 2939.0 7009.0 4 1
2037 I 4 1380.0 1840.0 2 1
2038 D 4 1275.0 1938.0 2 1
2039 I 4 3240.0 3914.0 4 1
2040 I 3 1044.0 1840.0 1 1
2041 G 4 2150.0 3703.0 3 1
2042 I 4 1362.0 1938.0 2 1
2043 J 4 3012.0 7004.0 4 1
2044 G 4 1213.0 1840.0 2 1
2045 A 4 1717.0 1760.0 1 1
2046 F 3 1076.0 1840.0 1 1
2047 B 0 1071.0 1760.0 1 1
2048 C 4 2817.0 5626.0 4 1
2049 I 4 1979.0 2555.0 2 1
2050 A 0 3074.0 6999.0 4 1
2051 C 4 3158.0 6473.0 4 1
2052 E 4 1970.0 3661.0 3 1
2053 F 0 1425.0 2554.0 2 1
2054 A 1 1306.0 1840.0 1 1
2055 F 4 1431.0 1927.0 2 1
2056 C 4 2188.0 3203.0 3 1
2057 C 4 1255.0 1927.0 2 1
2058 H 4 1696.0 2543.0 2 1
2059 B 4 1218.0 1923.0 2 1
2060 A 4 2244.0 4549.0 3 1
2061 F 4 1338.0 1840.0 2 1
2062 D 4 1319.0 1910.0 2 1
2063 J 4 2795.0 6362.0 4 1
2064 C 4 1295.0 1899.0 2 1
2065 J 4 2811.0 5652.0 4 1
2066 C 0 1006.0 1680.0 1 1
2067 E 0 1769.0 2525.0 2 1
2068 A 0 1563.0 2523.0 2 1
2069 J 0 1164.0 1840.0 2 1
2070 D 4 1270.0 1840.0 2 1
2071 H 0 2780.0 6922.0 4 1
2072 J 0 3224.0 6922.0 4 1
2073 G 4 1022.0 1840.0 2 1
2074 C 2 2673.0 6829.0 4 1
2075 E 4 1481.0 1899.0 2 1
2076 H 4 1121.0 1894.0 2 1
2077 A 4 3151.0 5586.0 4 1
2078 C 4 2236.0 5366.0 4 1
2079 A 4 1219.0 1840.0 2 1
2080 I 5 2714.0 6811.0 4 3
2081 I 5 542.0 2523.0 2 3
2082 A 5 742.0 2522.0 2 3
2083 C 5 1113.0 4517.0 3 3
2084 C 5 1117.0 4274.0 4 3
2085 D 5 631.0 2519.0 2 3
2086 B 5 2107.0 2392.0 2 3
2087 J 5 2098.0 6369.0 4 3
2088 C 5 690.0 2512.0 2 3
2089 A 5 441.0 2482.0 2 3
2090 J 1 2776.0 6802.0 4 3
2091 C 1 727.0 2518.0 2 3
2092 C 5 1444.0 4487.0 3 3
2093 G 5 2330.0 2135.0 2 3
2094 G 1 1911.0 6793.0 4 3
2095 J 5 582.0 2493.0 2 3
2096 E 5 2453.0 1840.0 2 3
2097 C 5 2113.0 1840.0 1 3
2098 I 1 809.0 2512.0 2 3
2099 H 5 2421.0 2198.0 2 3
2100 I 5 713.0 2512.0 2 3
2101 E 5 2300.0 2094.0 2 3
2102 E 5 1851.0 2571.0 4 3
2103 H 5 1690.0 4301.0 3 3
2104 B 1 557.0 2511.0 2 3
2105 A 5 2073.0 1975.0 1 3
2106 G 1 884.0 2482.0 2 3
2107 C 1 856.0 2511.0 2 3
2108 G 5 2120.0 2315.0 2 3
2109 H 5 2272.0 2240.0 2 3
2110 B 5 2269.0 1750.0 1 3
2111 D 5 2123.0 2165.0 2 3
2112 A 0 1843.0 6792.0 4 3
2113 C 5 1026.0 4267.0 3 3
2114 J 0 860.0 2476.0 2 3
2115 C 5 2178.0 1885.0 2 3
2116 C 5 1901.0 1975.0 1 3
2117 G 5 866.0 4156.0 3 3
2118 C 0 2586.0 6755.0 4 3
2119 D 0 633.0 2509.0 2 3
2120 G 5 2179.0 2456.0 2 3
2121 B 0 863.0 2505.0 2 3
2122 D 0 540.0 2504.0 2 3
2123 C 5 1552.0 6250.0 4 3
2124 C 5 2234.0 2066.0 2 3
2125 G 5 1841.0 3765.0 4 3
2126 A 5 2136.0 2427.0 2 3
2127 I 0 619.0 2491.0 2 3
2128 F 5 1900.0 1812.0 1 3
2129 E 1 2241.0 6720.0 4 3
2130 A 5 2099.0 2409.0 2 3
2131 F 0 1941.0 3626.0 3 3
2132 I 5 2439.0 2411.0 2 3
2133 B 5 2433.0 2294.0 2 3
2134 I 5 2125.0 2307.0 2 3
2135 D 2 1973.0 6639.0 4 3
2136 F 5 2226.0 1840.0 2 3
2137 H 5 1593.0 6196.0 4 3
2138 G 5 2188.0 3110.0 4 3
2139 B 5 1785.0 6041.0 4 3
2140 A 5 1029.0 3317.0 4 3
2141 E 5 2442.0 2357.0 2 3
2142 I 5 768.0 4666.0 4 3
2143 E 5 2503.0 2409.0 2 3
2144 F 5 2223.0 6023.0 4 3
2145 C 2 2267.0 6425.0 4 3
2146 I 5 2240.0 2269.0 2 3
2147 J 5 2135.0 2231.0 2 3
2148 F 5 2093.0 2402.0 2 3
2149 I 5 2450.0 2464.0 2 3
2150 A 2 2492.0 6410.0 4 3
2151 E 5 2462.0 2459.0 2 3
2152 H 5 1398.0 4167.0 3 3
2153 A 5 2276.0 2411.0 2 3
2154 C 1 2640.0 6402.0 4 3
2155 G 5 1077.0 4142.0 3 3
2156 B 5 2394.0 2198.0 2 3
2157 A 5 2393.0 2189.0 2 3
2158 F 5 891.0 4026.0 3 3
2159 C 5 2494.0 2428.0 2 3
2160 A 5 2041.0 2363.0 2 3
2161 A 5 2400.0 2292.0 2 3
2162 D 5 1916.0 1866.0 2 3
2163 G 5 2159.0 2410.0 2 3
2164 I 5 2229.0 1840.0 2 3
2165 H 5 2327.0 2396.0 2 3
2166 E 5 1303.0 3999.0 3 3
2167 H 5 2092.0 2198.0 2 3
2168 A 0 2082.0 6367.0 4 3
2169 E 5 2074.0 2307.0 2 3
2170 E 5 2393.0 1932.0 2 3
2171 B 5 1008.0 3632.0 4 3
2172 I 5 2495.0 2409.0 2 3
2173 G 5 2371.0 2421.0 2 3
2174 H 5 2629.0 5952.0 4 3
2175 D 5 2212.0 2409.0 2 3
2176 H 5 2165.0 1840.0 1 3
2177 G 5 2282.0 2414.0 2 3
2178 F 1 1578.0 4527.0 3 3
2179 F 1 1859.0 6275.0 4 3
2180 F 5 2413.0 2409.0 2 3
2181 A 5 2047.0 2123.0 2 3
2182 C 5 2455.0 2322.0 2 3
2183 E 5 2084.0 2394.0 2 3
2184 E 5 2130.0 3665.0 3 3
2185 A 5 863.0 4488.0 4 3
2186 J 5 984.0 3960.0 3 3
2187 A 5 2077.0 2255.0 2 3
2188 G 2 1380.0 4436.0 3 3
2189 F 5 2246.0 1840.0 1 3
2190 E 5 1989.0 1975.0 1 3
2191 A 5 2253.0 2388.0 2 3
2192 E 5 2295.0 2198.0 2 3
2193 D 5 2165.0 2130.0 2 3
2194 C 2 1557.0 4434.0 3 3
2195 J 5 1328.0 3588.0 3 3
2196 D 5 2077.0 1975.0 1 3
2197 H 5 2119.0 2305.0 2 3
2198 G 5 2455.0 2388.0 2 3
2199 E 5 2074.0 2261.0 2 3
2200 E 5 2326.0 2189.0 2 3
2201 G 5 2117.0 2386.0 2 3
2202 G 5 2277.0 2342.0 2 3
2203 B 0 2755.0 6222.0 4 3
2204 H 5 2046.0 1840.0 1 3
2205 I 5 2142.0 2161.0 2 2
2206 I 2 1242.0 4426.0 3 2
2207 A 2 1266.0 4423.0 3 2
2208 I 5 2380.0 3773.0 3 2
2209 I 5 487.0 3389.0 3 2
2210 J 5 1453.0 3638.0 4 2
2211 G 5 2604.0 2384.0 2 2
2212 D 5 2464.0 2198.0 2 2
2213 B 5 2510.0 2469.0 2 2
2214 G 5 653.0 3286.0 3 2
2215 J 5 1602.0 3223.0 3 2
2216 H 5 2050.0 2976.0 4 2
2217 I 0 1727.0 3380.0 3 2
2218 H 5 2082.0 3762.0 3 2
2219 J 5 2498.0 2382.0 2 2
2220 F 5 2636.0 2305.0 2 2
2221 J 1 1620.0 3114.0 2 2
2222 J 5 2320.0 2147.0 2 2
2223 J 5 2572.0 2371.0 2 2
2224 F 2 1068.0 4405.0 3 2
2225 B 5 2582.0 2372.0 2 2
2226 A 5 2440.0 1950.0 2 2
2227 E 5 2226.0 2261.0 2 2
2228 H 5 2282.0 1932.0 2 2
2229 H 5 1552.0 3904.0 3 2
2230 H 5 2591.0 2189.0 2 2
2231 G 5 2628.0 5952.0 4 2
2232 E 5 1307.0 3675.0 3 2
2233 H 5 1144.0 3837.0 3 2
2234 H 5 1935.0 5941.0 4 2
2235 F 5 2116.0 1840.0 1 2
2236 A 5 2545.0 1916.0 2 2
2237 I 5 2208.0 2409.0 2 2
2238 D 5 1610.0 3826.0 3 2
2239 E 2 1321.0 4397.0 3 2
2240 I 5 2276.0 4195.0 4 2
2241 B 5 1077.0 3795.0 3 2
2242 I 5 2558.0 2137.0 2 2
2243 D 5 2349.0 2347.0 2 2
2244 E 2 1816.0 4372.0 3 2
2245 I 5 2221.0 2411.0 2 2
2246 C 5 1626.0 3775.0 3 2
2247 G 2 1737.0 6100.0 4 2
2248 B 5 2148.0 1931.0 1 2
2249 J 5 2397.0 2273.0 2 2
2250 G 5 2479.0 2409.0 2 2
2251 C 5 2620.0 2238.0 2 2
2252 J 5 2300.0 2335.0 2 2
2253 J 5 1669.0 3774.0 3 2
2254 J 5 2337.0 2307.0 2 2
2255 D 5 2584.0 2339.0 2 2
2256 G 5 2256.0 1760.0 2 2
2257 A 5 934.0 3663.0 3 2
2258 H 5 2185.0 2127.0 1 2
2259 C 5 2462.0 2333.0 2 2
2260 F 5 2565.0 2305.0 2 2
2261 J 5 2618.0 2363.0 2 2
2262 D 5 2550.0 5936.0 4 2
2263 I 1 2373.0 3714.0 3 2
2264 C 5 2188.0 1840.0 2 2
2265 D 5 2195.0 2198.0 2 2
2266 I 5 2274.0 2348.0 2 2
2267 E 2 1809.0 4341.0 3 2
2268 E 1 1861.0 4236.0 3 2
2269 J 5 1178.0 3709.0 3 2
2270 H 5 2437.0 2198.0 2 2
2271 D 5 2191.0 2229.0 2 2
2272 C 5 2583.0 2418.0 2 2
2273 G 5 990.0 3689.0 3 2
2274 D 5 2275.0 2409.0 2 2
2275 C 5 2634.0 2198.0 2 2
2276 A 5 2573.0 2411.0 2 2
2277 A 5 2431.0 2128.0 2 2
2278 J 5 2523.0 2198.0 2 2
2279 A 5 1097.0 3382.0 4 2
2280 E 5 2264.0 1931.0 1 2
2281 C 2 1830.0 3452.0 4 2
2282 C 5 2116.0 5729.0 4 2
2283 C 5 2205.0 2156.0 2 2
2284 G 0 2539.0 6089.0 4 2
2285 G 5 2671.0 2340.0 2 2
2286 B 5 2269.0 2302.0 2 2
2287 G 5 2331.0 2156.0 1 2
2288 F 5 2549.0 5471.0 4 2
2289 D 5 2082.0 1795.0 1 2
2290 F 5 2280.0 2130.0 2 2
2291 A 5 2390.0 2189.0 2 2
2292 D 5 2133.0 2162.0 2 2
2293 F 5 2323.0 2232.0 2 2
2294 G 5 2418.0 2231.0 2 2
2295 H 5 2348.0 2411.0 2 2
2296 J 5 2450.0 1999.0 2 2
2297 B 5 2488.0 2392.0 2 2
2298 B 5 2167.0 1840.0 1 2
2299 F 5 873.0 3607.0 3 2
2300 J 5 2222.0 2094.0 2 2
2301 A 5 1055.0 3664.0 3 2
2302 B 5 2044.0 1750.0 1 2
2303 B 5 2338.0 1840.0 1 2
2304 J 5 2016.0 3734.0 3 2
2305 C 5 1709.0 5438.0 4 2
2306 B 5 2275.0 2305.0 2 2
2307 D 0 2425.0 6087.0 4 2
2308 B 5 2134.0 2396.0 2 2
2309 J 5 1842.0 3610.0 3 2
2310 E 5 2284.0 2411.0 2 2
2311 H 5 2604.0 2112.0 2 2
2312 I 5 1087.0 4004.0 4 2
2313 B 5 2276.0 2247.0 2 2
2314 G 5 2463.0 2409.0 2 2
2315 D 5 2297.0 2286.0 1 2
2316 C 5 2530.0 2231.0 2 2
2317 F 2 2451.0 6080.0 4 2
2318 F 5 2553.0 2409.0 2 2
2319 F 5 1541.0 5423.0 4 2
2320 D 5 2243.0 4889.0 4 2
2321 F 5 2478.0 2305.0 2 2
2322 D 5 1459.0 4982.0 4 2
2323 C 5 2608.0 2189.0 2 2
2324 B 5 1161.0 3661.0 3 2
2325 B 5 1287.0 3647.0 3 2
2326 H 5 1538.0 3632.0 3 2
2327 J 5 2432.0 2299.0 2 2
2328 F 2 1299.0 4031.0 3 2
2329 F 5 2111.0 1680.0 1 2
2330 B 5 2043.0 1975.0 1 2
2331 B 5 1400.0 4702.0 4 2
2332 I 5 1778.0 3674.0 3 2
2333 H 5 2402.0 2468.0 2 2
2334 I 0 1372.0 4121.0 3 2
2335 A 5 2107.0 1975.0 1 2
2336 J 5 2644.0 2402.0 2 2
2337 B 0 1806.0 3916.0 3 2
2338 E 5 2031.0 1840.0 1 2
2339 A 0 1730.0 4075.0 3 2
2340 E 0 1845.0 3564.0 3 2
2341 A 5 2183.0 2289.0 2 2
2342 F 5 1818.0 5418.0 4 2
2343 E 5 1190.0 3601.0 3 2
2344 C 5 828.0 3583.0 3 2
2345 H 5 2236.0 2124.0 2 2
2346 H 2 1754.0 6024.0 4 2
2347 A 2 1163.0 4047.0 3 2
2348 J 5 2547.0 2231.0 2 2
2349 C 5 2531.0 2231.0 2 2
2350 G 5 990.0 3260.0 3 2
2351 H 5 2213.0 2441.0 2 2
2352 A 5 2308.0 2198.0 2 2
2353 F 5 2519.0 2094.0 2 2
2354 G 5 2439.0 2140.0 2 2
2355 I 5 2464.0 2269.0 2 2
2356 F 1 1382.0 4006.0 3 2
2357 C 5 2519.0 2050.0 2 2
2358 I 5 2233.0 2055.0 2 2
2359 D 5 1510.0 1840.0 2 1
2360 C 5 1303.0 1840.0 2 1
2361 C 5 1559.0 2038.0 2 1
2362 A 0 1595.0 2245.0 2 1
2363 F 5 1105.0 1840.0 1 1
2364 J 0 1696.0 2244.0 2 1
2365 D 0 1512.0 2242.0 2 1
2366 B 0 1581.0 2240.0 2 1
2367 C 5 1703.0 2137.0 3 1
2368 D 2 1372.0 2240.0 2 1
2369 G 5 3121.0 5410.0 4 1
2370 H 5 1166.0 1840.0 2 1
2371 I 5 1115.0 1840.0 2 1
2372 E 5 2506.0 3536.0 3 1
2373 J 5 1663.0 2126.0 2 1
2374 G 2 2678.0 6020.0 4 1
2375 E 2 3195.0 6005.0 4 1
2376 B 1 1449.0 2227.0 2 1
2377 D 1 1990.0 3969.0 3 1
2378 C 5 1995.0 3350.0 4 1
2379 I 5 1218.0 2086.0 2 1
2380 E 1 2227.0 3963.0 3 1
2381 D 5 2061.0 3511.0 3 1
2382 I 1 3198.0 5998.0 4 1
2383 C 5 1594.0 1760.0 3 1
2384 I 1 3566.0 5983.0 4 1
2385 E 5 1160.0 1840.0 1 1
2386 A 5 1308.0 2079.0 2 1
2387 E 5 1306.0 1811.0 2 1
2388 I 5 1545.0 1840.0 2 1
2389 H 5 1552.0 1840.0 2 1
2390 A 5 937.0 1840.0 2 1
2391 E 1 1743.0 2226.0 2 1
2392 J 5 1419.0 1868.0 2 1
2393 E 5 3158.0 5403.0 4 1
2394 J 5 1341.0 1760.0 2 1
2395 B 5 1250.0 3206.0 3 1
2396 D 5 769.0 1680.0 1 1
2397 D 0 1649.0 2224.0 2 1
2398 A 2 1234.0 2119.0 3 1
2399 E 5 3114.0 5160.0 4 1
2400 H 5 1969.0 2713.0 3 1
2401 A 5 1866.0 3498.0 3 1
2402 F 5 1301.0 1840.0 2 1
2403 H 5 1163.0 1840.0 2 1
2404 B 5 1211.0 1844.0 2 1
2405 E 0 3262.0 5982.0 4 1
2406 I 5 1344.0 2020.0 2 1
2407 F 0 2148.0 3961.0 3 1
2408 G 5 1141.0 1824.0 2 1
2409 I 5 1320.0 2007.0 2 1
2410 G 5 1646.0 1840.0 3 1
2411 I 0 1761.0 2211.0 2 1
2412 F 5 1048.0 1840.0 2 1
2413 H 0 1032.0 1760.0 1 1
2414 F 5 776.0 1680.0 1 1
2415 D 0 1556.0 2113.0 2 1
2416 H 5 1219.0 1760.0 2 1
2417 J 0 2368.0 3956.0 3 1
2418 C 5 906.0 1840.0 1 1
2419 I 5 992.0 1840.0 2 1
2420 A 5 1644.0 2002.0 2 1
2421 H 5 1452.0 1994.0 2 1
2422 F 5 1216.0 1840.0 2 1
2423 J 0 1622.0 2208.0 2 1
2424 C 5 1425.0 1840.0 2 1
2425 H 5 2034.0 3471.0 3 1
2426 E 5 1357.0 1993.0 2 1
2427 B 0 1886.0 3909.0 3 1
2428 I 5 1206.0 1957.0 2 1
2429 G 5 1283.0 1951.0 2 1
2430 B 2 1579.0 2203.0 2 1
2431 A 5 1278.0 1939.0 2 1
2432 C 5 1928.0 3403.0 3 1
2433 E 5 1637.0 3252.0 3 1
2434 H 5 1840.0 1840.0 4 1
2435 J 2 2637.0 5958.0 4 1
2436 E 0 1346.0 2199.0 2 1
2437 I 0 1483.0 2192.0 2 1
2438 H 5 908.0 1896.0 2 1
2439 D 5 2224.0 3384.0 3 1
2440 C 0 1563.0 1840.0 1 1
2441 I 2 2476.0 5952.0 4 1
2442 D 5 914.0 1760.0 2 1
2443 H 5 927.0 1840.0 1 1
2444 D 5 1116.0 1840.0 2 1
2445 C 2 2468.0 3841.0 3 1
2446 B 5 2720.0 5073.0 4 1
2447 A 5 1075.0 1926.0 2 1
2448 I 5 2974.0 5685.0 4 1
2449 G 5 1758.0 2177.0 2 1
2450 I 5 3425.0 4739.0 4 1
2451 I 5 2565.0 4655.0 4 1
2452 H 5 2717.0 5910.0 4 1
2453 G 5 2506.0 4637.0 4 1
2454 B 5 987.0 1912.0 2 1
2455 D 5 2219.0 4653.0 4 1
2456 B 5 1304.0 1982.0 2 1
2457 H 5 1268.0 1914.0 2 1
2458 C 5 1211.0 1840.0 2 1
2459 J 5 1144.0 1840.0 2 1
2460 I 5 882.0 1846.0 2 1
2461 A 5 1468.0 1823.0 2 1
2462 B 2 1433.0 2149.0 2 1
2463 I 5 2447.0 3888.0 4 1
2464 B 5 2543.0 3823.0 3 1
2465 B 5 1254.0 1814.0 2 1
2466 J 5 1760.0 1879.0 3 1
2467 J 5 1145.0 1840.0 2 1
2468 B 5 1362.0 1760.0 1 1
2469 B 5 2834.0 5900.0 4 1
2470 D 5 2973.0 4628.0 4 1
2471 C 5 1675.0 2697.0 3 1
2472 G 5 1422.0 2144.0 2 1
2473 H 5 1203.0 1840.0 2 1
2474 A 0 2240.0 3812.0 3 1
2475 H 5 1930.0 2442.0 3 1
2476 G 5 2183.0 3355.0 3 1
2477 I 5 1211.0 1895.0 2 1
2478 B 5 1044.0 1883.0 2 1
2479 H 0 1765.0 3811.0 3 1
2480 H 2 1574.0 2139.0 2 1
2481 J 5 1344.0 1844.0 2 1
2482 A 2 1499.0 1760.0 1 1
2483 I 5 832.0 1760.0 2 1
2484 B 5 1525.0 3174.0 3 1
2485 I 5 2040.0 2517.0 3 1
2486 F 5 1189.0 2136.0 2 1
2487 G 5 2722.0 4509.0 4 1
2488 G 5 2806.0 5819.0 4 1
2489 F 5 747.0 1680.0 1 1
2490 G 5 1339.0 2498.0 3 1
2491 I 5 1728.0 2344.0 3 1
2492 C 5 1493.0 1840.0 1 1
2493 J 5 1326.0 2594.0 3 1
2494 I 2 1317.0 2135.0 2 1
2495 B 5 1050.0 1840.0 2 1
2496 J 5 1846.0 2803.0 4 1
2497 I 5 1075.0 1840.0 2 1
2498 H 5 1240.0 1760.0 2 1
2499 F 5 1147.0 1840.0 2 1
